T,P,F,D,Experiment_ID,Kategorie,Z
1,0.0,0.0,0.0,2426,Terminalversatz,2246.11450195313
2,0.0,506.607,0.0,2426,Terminalversatz,2246.11450195313
3,0.0,504.654,0.0,2426,Terminalversatz,2246.11450195313
4,0.0,504.654,0.0,2426,Terminalversatz,2246.11450195313
5,0.0,504.654,0.0,2426,Terminalversatz,2246.11450195313
6,0.0,506.607,0.0,2426,Terminalversatz,2246.11450195313
7,0.0,506.607,0.0,2426,Terminalversatz,2246.11450195313
8,0.0,479.019,0.0,2426,Terminalversatz,2246.11450195313
9,0.0,433.607,0.0200043,2426,Terminalversatz,2246.11450195313
10,32.7311,409.925,0.0400009,2426,Terminalversatz,2246.11450195313
11,74.5415,382.092,0.0699997,2426,Terminalversatz,2246.11450195313
12,111.469,354.503,0.0999985,2426,Terminalversatz,2246.11450195313
13,175.863,362.56,0.139999,2426,Terminalversatz,2246.11450195313
14,254.906,344.737,0.169998,2426,Terminalversatz,2246.11450195313
15,321.436,323.008,0.209999,2426,Terminalversatz,2246.11450195313
16,380.642,336.68,0.240005,2426,Terminalversatz,2246.11450195313
17,437.406,317.148,0.279999,2426,Terminalversatz,2246.11450195313
18,491.729,314.951,0.310005,2426,Terminalversatz,2246.11450195313
19,548.494,305.185,0.340004,2426,Terminalversatz,2246.11450195313
20,600.375,324.961,0.370003,2426,Terminalversatz,2246.11450195313
21,652.257,321.055,0.400002,2426,Terminalversatz,2246.11450195313
22,704.138,332.774,0.43,2426,Terminalversatz,2246.11450195313
23,775.857,326.914,0.450005,2426,Terminalversatz,2246.11450195313
24,842.387,330.821,0.480003,2426,Terminalversatz,2246.11450195313
25,904.34,352.55,0.5,2426,Terminalversatz,2246.11450195313
26,958.663,342.784,0.520004,2426,Terminalversatz,2246.11450195313
27,1005.36,356.456,0.529999,2426,Terminalversatz,2246.11450195313
28,1037.4,366.466,0.540001,2426,Terminalversatz,2246.11450195313
29,1077.07,388.195,0.550003,2426,Terminalversatz,2246.11450195313
30,1131.4,370.373,0.560005,2426,Terminalversatz,2246.11450195313
31,1173.21,390.149,0.57,2426,Terminalversatz,2246.11450195313
32,1208.0,378.185,0.580002,2426,Terminalversatz,2246.11450195313
33,1235.16,415.784,0.580002,2426,Terminalversatz,2246.11450195313
34,1240.04,417.737,0.590004,2426,Terminalversatz,2246.11450195313
35,1247.37,399.915,0.590004,2426,Terminalversatz,2246.11450195313
36,1294.37,425.55,0.599998,2426,Terminalversatz,2246.11450195313
37,1336.18,417.737,0.599998,2426,Terminalversatz,2246.11450195313
38,1365.78,419.691,0.610001,2426,Terminalversatz,2246.11450195313
39,1395.69,405.774,0.620003,2426,Terminalversatz,2246.11450195313
40,1415.22,441.42,0.620003,2426,Terminalversatz,2246.11450195313
41,1417.66,421.644,0.630005,2426,Terminalversatz,2246.11450195313
42,1435.06,447.279,0.639999,2426,Terminalversatz,2246.11450195313
43,1486.94,411.878,0.650002,2426,Terminalversatz,2246.11450195313
44,1526.31,419.691,0.650002,2426,Terminalversatz,2246.11450195313
45,1555.91,441.42,0.660004,2426,Terminalversatz,2246.11450195313
46,1573.31,409.925,0.669998,2426,Terminalversatz,2246.11450195313
47,1570.86,423.597,0.669998,2426,Terminalversatz,2246.11450195313
48,1561.1,421.644,0.68,2426,Terminalversatz,2246.11450195313
49,1573.31,443.373,0.690002,2426,Terminalversatz,2246.11450195313
50,1610.23,409.925,0.700005,2426,Terminalversatz,2246.11450195313
51,1627.63,427.503,0.709999,2426,Terminalversatz,2246.11450195313
52,1645.02,401.868,0.720001,2426,Terminalversatz,2246.11450195313
53,1645.02,453.383,0.730003,2426,Terminalversatz,2246.11450195313
54,1627.63,433.607,0.730003,2426,Terminalversatz,2246.11450195313
55,1612.98,415.784,0.740005,2426,Terminalversatz,2246.11450195313
56,1647.47,453.383,0.75,2426,Terminalversatz,2246.11450195313
57,1681.95,437.513,0.760002,2426,Terminalversatz,2246.11450195313
58,1701.79,445.326,0.770004,2426,Terminalversatz,2246.11450195313
59,1718.88,425.55,0.770004,2426,Terminalversatz,2246.11450195313
60,1718.88,465.102,0.779999,2426,Terminalversatz,2246.11450195313
61,1704.23,449.232,0.790001,2426,Terminalversatz,2246.11450195313
62,1711.55,479.019,0.790001,2426,Terminalversatz,2246.11450195313
63,1760.99,427.503,0.800003,2426,Terminalversatz,2246.11450195313
64,1793.04,453.383,0.810005,2426,Terminalversatz,2246.11450195313
65,1812.88,472.915,0.810005,2426,Terminalversatz,2246.11450195313
66,1822.64,439.467,0.82,2426,Terminalversatz,2246.11450195313
67,1802.8,457.289,0.830002,2426,Terminalversatz,2246.11450195313
68,1780.83,453.383,0.830002,2426,Terminalversatz,2246.11450195313
69,1780.83,479.019,0.840004,2426,Terminalversatz,2246.11450195313
70,1807.99,445.326,0.840004,2426,Terminalversatz,2246.11450195313
71,1820.2,463.149,0.849998,2426,Terminalversatz,2246.11450195313
72,1827.52,435.56,0.849998,2426,Terminalversatz,2246.11450195313
73,1817.76,500.748,0.860001,2426,Terminalversatz,2246.11450195313
74,1783.27,470.962,0.870003,2426,Terminalversatz,2246.11450195313
75,1756.11,455.336,0.870003,2426,Terminalversatz,2246.11450195313
76,1783.27,494.644,0.880005,2426,Terminalversatz,2246.11450195313
77,1812.88,472.915,0.880005,2426,Terminalversatz,2246.11450195313
78,1825.08,477.065,0.889999,2426,Terminalversatz,2246.11450195313
79,1832.71,461.196,0.889999,2426,Terminalversatz,2246.11450195313
80,1827.52,492.691,0.900002,2426,Terminalversatz,2246.11450195313
81,1805.55,479.019,0.900002,2426,Terminalversatz,2246.11450195313
82,1802.8,510.514,0.910004,2426,Terminalversatz,2246.11450195313
83,1849.8,479.019,0.910004,2426,Terminalversatz,2246.11450195313
84,1874.52,475.112,0.919998,2426,Terminalversatz,2246.11450195313
85,1891.92,500.748,0.919998,2426,Terminalversatz,2246.11450195313
86,1896.8,477.065,0.93,2426,Terminalversatz,2246.11450195313
87,1879.41,480.972,0.940002,2426,Terminalversatz,2246.11450195313
88,1849.8,484.878,0.940002,2426,Terminalversatz,2246.11450195313
89,1837.6,504.654,0.950005,2426,Terminalversatz,2246.11450195313
90,1859.87,475.112,0.950005,2426,Terminalversatz,2246.11450195313
91,1872.08,484.878,0.950005,2426,Terminalversatz,2246.11450195313
92,1876.96,465.102,0.959999,2426,Terminalversatz,2246.11450195313
93,1864.76,504.654,0.959999,2426,Terminalversatz,2246.11450195313
94,1832.71,498.795,0.970001,2426,Terminalversatz,2246.11450195313
95,1797.92,475.112,0.970001,2426,Terminalversatz,2246.11450195313
96,1815.32,506.607,0.980003,2426,Terminalversatz,2246.11450195313
97,1847.36,498.795,0.980003,2426,Terminalversatz,2246.11450195313
98,1859.87,500.748,0.980003,2426,Terminalversatz,2246.11450195313
99,1867.2,479.019,0.990005,2426,Terminalversatz,2246.11450195313
100,1857.13,520.524,0.990005,2426,Terminalversatz,2246.11450195313
101,1832.71,500.748,1.0,2426,Terminalversatz,2246.11450195313
102,1820.2,528.336,1.0,2426,Terminalversatz,2246.11450195313
103,1854.69,490.738,1.0,2426,Terminalversatz,2246.11450195313
104,1887.04,494.644,1.01,2426,Terminalversatz,2246.11450195313
105,1901.68,520.524,1.01,2426,Terminalversatz,2246.11450195313
106,1904.13,486.831,1.02,2426,Terminalversatz,2246.11450195313
107,1884.29,502.701,1.02,2426,Terminalversatz,2246.11450195313
108,1849.8,496.597,1.02,2426,Terminalversatz,2246.11450195313
109,1835.15,520.524,1.03,2426,Terminalversatz,2246.11450195313
110,1857.13,480.972,1.03,2426,Terminalversatz,2246.11450195313
111,1864.76,498.795,1.04,2426,Terminalversatz,2246.11450195313
112,1864.76,477.065,1.04,2426,Terminalversatz,2246.11450195313
113,1852.24,524.43,1.04,2426,Terminalversatz,2246.11450195313
114,1820.2,508.56,1.05,2426,Terminalversatz,2246.11450195313
115,1785.71,488.784,1.05,2426,Terminalversatz,2246.11450195313
116,1800.36,524.43,1.05,2426,Terminalversatz,2246.11450195313
117,1829.97,510.514,1.05,2426,Terminalversatz,2246.11450195313
118,1844.92,512.467,1.06001,2426,Terminalversatz,2246.11450195313
119,1847.36,492.691,1.06001,2426,Terminalversatz,2246.11450195313
120,1840.04,528.336,1.06001,2426,Terminalversatz,2246.11450195313
121,1820.2,510.514,1.07,2426,Terminalversatz,2246.11450195313
122,1805.55,538.102,1.07,2426,Terminalversatz,2246.11450195313
123,1842.48,490.738,1.07,2426,Terminalversatz,2246.11450195313
124,1869.64,508.56,1.08,2426,Terminalversatz,2246.11450195313
125,1881.85,530.29,1.08,2426,Terminalversatz,2246.11450195313
126,1884.29,494.644,1.08,2426,Terminalversatz,2246.11450195313
127,1862.32,512.467,1.08,2426,Terminalversatz,2246.11450195313
128,1827.52,506.607,1.09,2426,Terminalversatz,2246.11450195313
129,1812.88,528.336,1.09,2426,Terminalversatz,2246.11450195313
130,1832.71,492.691,1.09,2426,Terminalversatz,2246.11450195313
131,1840.04,512.467,1.1,2426,Terminalversatz,2246.11450195313
132,1842.48,486.831,1.1,2426,Terminalversatz,2246.11450195313
133,1829.97,544.206,1.1,2426,Terminalversatz,2246.11450195313
134,1795.48,516.373,1.1,2426,Terminalversatz,2246.11450195313
135,1760.99,500.748,1.11,2426,Terminalversatz,2246.11450195313
136,1775.95,536.149,1.11,2426,Terminalversatz,2246.11450195313
137,1802.8,514.42,1.11,2426,Terminalversatz,2246.11450195313
138,1817.76,522.477,1.11,2426,Terminalversatz,2246.11450195313
139,1820.2,500.748,1.12,2426,Terminalversatz,2246.11450195313
140,1812.88,536.149,1.12,2426,Terminalversatz,2246.11450195313
141,1790.6,516.373,1.12,2426,Terminalversatz,2246.11450195313
142,1780.83,546.159,1.12,2426,Terminalversatz,2246.11450195313
143,1817.76,486.831,1.13,2426,Terminalversatz,2246.11450195313
144,1842.48,516.373,1.13,2426,Terminalversatz,2246.11450195313
145,1854.69,538.102,1.13,2426,Terminalversatz,2246.11450195313
146,1857.13,496.597,1.13,2426,Terminalversatz,2246.11450195313
147,1837.6,520.524,1.14,2426,Terminalversatz,2246.11450195313
148,1807.99,516.373,1.14,2426,Terminalversatz,2246.11450195313
149,1795.48,534.196,1.14,2426,Terminalversatz,2246.11450195313
150,1815.32,500.748,1.14,2426,Terminalversatz,2246.11450195313
151,1825.08,518.326,1.14,2426,Terminalversatz,2246.11450195313
152,1822.64,492.691,1.15,2426,Terminalversatz,2246.11450195313
153,1815.32,544.206,1.15,2426,Terminalversatz,2246.11450195313
154,1778.39,524.43,1.15,2426,Terminalversatz,2246.11450195313
155,1746.04,502.701,1.15,2426,Terminalversatz,2246.11450195313
156,1763.44,540.056,1.16,2426,Terminalversatz,2246.11450195313
157,1790.6,524.43,1.16,2426,Terminalversatz,2246.11450195313
158,1800.36,526.383,1.16,2426,Terminalversatz,2246.11450195313
159,1805.55,504.654,1.16,2426,Terminalversatz,2246.11450195313
160,1797.92,542.009,1.16,2426,Terminalversatz,2246.11450195313
161,1773.2,524.43,1.17,2426,Terminalversatz,2246.11450195313
162,1760.99,550.066,1.17,2426,Terminalversatz,2246.11450195313
163,1797.92,500.748,1.17,2426,Terminalversatz,2246.11450195313
164,1825.08,522.477,1.17,2426,Terminalversatz,2246.11450195313
165,1837.6,542.009,1.17,2426,Terminalversatz,2246.11450195313
166,1840.04,506.607,1.18,2426,Terminalversatz,2246.11450195313
167,1822.64,526.383,1.18,2426,Terminalversatz,2246.11450195313
168,1790.6,520.524,1.18,2426,Terminalversatz,2246.11450195313
169,1775.95,542.009,1.18,2426,Terminalversatz,2246.11450195313
170,1797.92,508.56,1.18,2426,Terminalversatz,2246.11450195313
171,1805.55,524.43,1.19,2426,Terminalversatz,2246.11450195313
172,1802.8,502.701,1.19,2426,Terminalversatz,2246.11450195313
173,1790.6,557.878,1.19,2426,Terminalversatz,2246.11450195313
174,1758.55,532.243,1.19,2426,Terminalversatz,2246.11450195313
175,1728.95,514.42,1.19,2426,Terminalversatz,2246.11450195313
176,1743.6,552.019,1.2,2426,Terminalversatz,2246.11450195313
177,1773.2,530.29,1.2,2426,Terminalversatz,2246.11450195313
178,1785.71,532.243,1.2,2426,Terminalversatz,2246.11450195313
179,1790.6,514.42,1.2,2426,Terminalversatz,2246.11450195313
180,1783.27,546.159,1.2,2426,Terminalversatz,2246.11450195313
181,1760.99,530.29,1.2,2426,Terminalversatz,2246.11450195313
182,1748.79,552.019,1.21,2426,Terminalversatz,2246.11450195313
183,1788.16,530.29,1.21,2426,Terminalversatz,2246.11450195313
184,1810.43,522.477,1.21,2426,Terminalversatz,2246.11450195313
185,1822.64,546.159,1.21,2426,Terminalversatz,2246.11450195313
186,1827.52,522.477,1.21,2426,Terminalversatz,2246.11450195313
187,1807.99,528.336,1.21,2426,Terminalversatz,2246.11450195313
188,1775.95,530.29,1.22,2426,Terminalversatz,2246.11450195313
189,1763.44,546.159,1.22,2426,Terminalversatz,2246.11450195313
190,1785.71,518.326,1.22,2426,Terminalversatz,2246.11450195313
191,1793.04,528.336,1.22,2426,Terminalversatz,2246.11450195313
192,1795.48,508.56,1.22,2426,Terminalversatz,2246.11450195313
193,1780.83,542.009,1.22,2426,Terminalversatz,2246.11450195313
194,1751.23,540.056,1.23,2426,Terminalversatz,2246.11450195313
195,1718.88,514.42,1.23,2426,Terminalversatz,2246.11450195313
196,1733.83,542.009,1.23,2426,Terminalversatz,2246.11450195313
197,1758.55,536.149,1.23,2426,Terminalversatz,2246.11450195313
198,1770.76,534.196,1.23,2426,Terminalversatz,2246.11450195313
199,1773.2,516.373,1.23,2426,Terminalversatz,2246.11450195313
200,1763.44,553.972,1.24001,2426,Terminalversatz,2246.11450195313
201,1741.16,534.196,1.24001,2426,Terminalversatz,2246.11450195313
202,1733.83,559.832,1.24001,2426,Terminalversatz,2246.11450195313
203,1773.2,528.336,1.24001,2426,Terminalversatz,2246.11450195313
204,1795.48,528.336,1.24001,2426,Terminalversatz,2246.11450195313
205,1807.99,553.972,1.24001,2426,Terminalversatz,2246.11450195313
206,1812.88,522.477,1.24001,2426,Terminalversatz,2246.11450195313
207,1793.04,534.196,1.25,2426,Terminalversatz,2246.11450195313
208,1760.99,534.196,1.25,2426,Terminalversatz,2246.11450195313
209,1751.23,552.019,1.25,2426,Terminalversatz,2246.11450195313
210,1770.76,518.326,1.25,2426,Terminalversatz,2246.11450195313
211,1775.95,536.149,1.25,2426,Terminalversatz,2246.11450195313
212,1778.39,512.467,1.25,2426,Terminalversatz,2246.11450195313
213,1765.88,559.832,1.25,2426,Terminalversatz,2246.11450195313
214,1733.83,542.009,1.26,2426,Terminalversatz,2246.11450195313
215,1701.79,520.524,1.26,2426,Terminalversatz,2246.11450195313
216,1721.63,553.972,1.26,2426,Terminalversatz,2246.11450195313
217,1746.04,538.102,1.26,2426,Terminalversatz,2246.11450195313
218,1756.11,542.009,1.26,2426,Terminalversatz,2246.11450195313
219,1763.44,522.477,1.26,2426,Terminalversatz,2246.11450195313
220,1753.67,559.832,1.26,2426,Terminalversatz,2246.11450195313
221,1728.95,540.056,1.26,2426,Terminalversatz,2246.11450195313
222,1721.63,567.888,1.27,2426,Terminalversatz,2246.11450195313
223,1758.55,520.524,1.27,2426,Terminalversatz,2246.11450195313
224,1783.27,536.149,1.27,2426,Terminalversatz,2246.11450195313
225,1790.6,557.878,1.27,2426,Terminalversatz,2246.11450195313
226,1797.92,524.43,1.27,2426,Terminalversatz,2246.11450195313
227,1778.39,540.056,1.27,2426,Terminalversatz,2246.11450195313
228,1751.23,536.149,1.27,2426,Terminalversatz,2246.11450195313
229,1741.16,557.878,1.27,2426,Terminalversatz,2246.11450195313
230,1760.99,522.477,1.28,2426,Terminalversatz,2246.11450195313
231,1765.88,540.056,1.28,2426,Terminalversatz,2246.11450195313
232,1765.88,516.373,1.28,2426,Terminalversatz,2246.11450195313
233,1756.11,569.842,1.28,2426,Terminalversatz,2246.11450195313
234,1724.07,546.159,1.28,2426,Terminalversatz,2246.11450195313
235,1694.46,526.383,1.28,2426,Terminalversatz,2246.11450195313
236,1714.0,565.935,1.28,2426,Terminalversatz,2246.11450195313
237,1736.27,544.206,1.28,2426,Terminalversatz,2246.11450195313
238,1746.04,548.112,1.29,2426,Terminalversatz,2246.11450195313
239,1756.11,526.383,1.29,2426,Terminalversatz,2246.11450195313
240,1746.04,561.785,1.29,2426,Terminalversatz,2246.11450195313
241,1724.07,546.159,1.29,2426,Terminalversatz,2246.11450195313
242,1714.0,573.748,1.29,2426,Terminalversatz,2246.11450195313
243,1751.23,518.326,1.29,2426,Terminalversatz,2246.11450195313
244,1775.95,542.009,1.29,2426,Terminalversatz,2246.11450195313
245,1785.71,561.785,1.29,2426,Terminalversatz,2246.11450195313
246,1790.6,522.477,1.29,2426,Terminalversatz,2246.11450195313
247,1768.32,544.206,1.3,2426,Terminalversatz,2246.11450195313
248,1738.72,546.159,1.3,2426,Terminalversatz,2246.11450195313
249,1731.39,559.832,1.3,2426,Terminalversatz,2246.11450195313
250,1746.04,538.102,1.3,2426,Terminalversatz,2246.11450195313
251,1756.11,542.009,1.3,2426,Terminalversatz,2246.11450195313
252,1756.11,526.383,1.3,2426,Terminalversatz,2246.11450195313
253,1746.04,552.019,1.3,2426,Terminalversatz,2246.11450195313
254,1711.55,553.972,1.3,2426,Terminalversatz,2246.11450195313
255,1684.39,532.243,1.31001,2426,Terminalversatz,2246.11450195313
256,1699.35,555.925,1.31001,2426,Terminalversatz,2246.11450195313
257,1726.51,552.019,1.31001,2426,Terminalversatz,2246.11450195313
258,1736.27,548.112,1.31001,2426,Terminalversatz,2246.11450195313
259,1741.16,534.196,1.31001,2426,Terminalversatz,2246.11450195313
260,1733.83,567.888,1.31001,2426,Terminalversatz,2246.11450195313
261,1711.55,552.019,1.31001,2426,Terminalversatz,2246.11450195313
262,1704.23,571.795,1.31001,2426,Terminalversatz,2246.11450195313
263,1741.16,546.159,1.31001,2426,Terminalversatz,2246.11450195313
264,1765.88,544.206,1.32,2426,Terminalversatz,2246.11450195313
265,1778.39,567.888,1.32,2426,Terminalversatz,2246.11450195313
266,1780.83,542.009,1.32,2426,Terminalversatz,2246.11450195313
267,1760.99,546.159,1.32,2426,Terminalversatz,2246.11450195313
268,1731.39,550.066,1.32,2426,Terminalversatz,2246.11450195313
269,1724.07,567.888,1.32,2426,Terminalversatz,2246.11450195313
270,1743.6,534.196,1.32,2426,Terminalversatz,2246.11450195313
271,1746.04,548.112,1.32,2426,Terminalversatz,2246.11450195313
272,1748.79,526.383,1.32,2426,Terminalversatz,2246.11450195313
273,1738.72,565.935,1.32,2426,Terminalversatz,2246.11450195313
274,1706.67,559.832,1.33,2426,Terminalversatz,2246.11450195313
275,1679.51,534.196,1.33,2426,Terminalversatz,2246.11450195313
276,1696.91,567.888,1.33,2426,Terminalversatz,2246.11450195313
277,1721.63,555.925,1.33,2426,Terminalversatz,2246.11450195313
278,1731.39,557.878,1.33,2426,Terminalversatz,2246.11450195313
279,1733.83,534.196,1.33,2426,Terminalversatz,2246.11450195313
280,1728.95,577.654,1.33,2426,Terminalversatz,2246.11450195313
281,1704.23,557.878,1.33,2426,Terminalversatz,2246.11450195313
282,1696.91,583.514,1.33,2426,Terminalversatz,2246.11450195313
283,1738.72,544.206,1.34,2426,Terminalversatz,2246.11450195313
284,1758.55,552.019,1.34,2426,Terminalversatz,2246.11450195313
285,1770.76,573.748,1.34,2426,Terminalversatz,2246.11450195313
286,1773.2,540.056,1.34,2426,Terminalversatz,2246.11450195313
287,1753.67,555.925,1.34,2426,Terminalversatz,2246.11450195313
288,1726.51,553.972,1.34,2426,Terminalversatz,2246.11450195313
289,1718.88,575.701,1.34,2426,Terminalversatz,2246.11450195313
290,1738.72,538.102,1.34,2426,Terminalversatz,2246.11450195313
291,1746.04,555.925,1.34,2426,Terminalversatz,2246.11450195313
292,1746.04,530.29,1.34,2426,Terminalversatz,2246.11450195313
293,1733.83,583.514,1.35,2426,Terminalversatz,2246.11450195313
294,1701.79,563.738,1.35,2426,Terminalversatz,2246.11450195313
295,1674.63,544.206,1.35,2426,Terminalversatz,2246.11450195313
296,1694.46,577.654,1.35,2426,Terminalversatz,2246.11450195313
297,1718.88,561.785,1.35,2426,Terminalversatz,2246.11450195313
298,1728.95,563.738,1.35,2426,Terminalversatz,2246.11450195313
299,1736.27,542.009,1.35,2426,Terminalversatz,2246.11450195313
300,1726.51,577.654,1.35,2426,Terminalversatz,2246.11450195313
301,1709.11,561.785,1.35,2426,Terminalversatz,2246.11450195313
302,1696.91,587.42,1.35,2426,Terminalversatz,2246.11450195313
303,1736.27,536.149,1.36,2426,Terminalversatz,2246.11450195313
304,1758.55,555.925,1.36,2426,Terminalversatz,2246.11450195313
305,1770.76,575.701,1.36,2426,Terminalversatz,2246.11450195313
306,1770.76,540.056,1.36,2426,Terminalversatz,2246.11450195313
307,1751.23,561.785,1.36,2426,Terminalversatz,2246.11450195313
308,1726.51,557.878,1.36,2426,Terminalversatz,2246.11450195313
309,1716.44,577.654,1.36,2426,Terminalversatz,2246.11450195313
310,1736.27,548.112,1.36,2426,Terminalversatz,2246.11450195313
311,1741.16,561.785,1.36,2426,Terminalversatz,2246.11450195313
312,1743.6,538.102,1.36,2426,Terminalversatz,2246.11450195313
313,1726.51,579.608,1.37,2426,Terminalversatz,2246.11450195313
314,1694.46,567.888,1.37,2426,Terminalversatz,2246.11450195313
315,1669.74,544.206,1.37,2426,Terminalversatz,2246.11450195313
316,1686.83,577.654,1.37,2426,Terminalversatz,2246.11450195313
317,1714.0,565.935,1.37,2426,Terminalversatz,2246.11450195313
318,1718.88,565.935,1.37,2426,Terminalversatz,2246.11450195313
319,1726.51,544.206,1.37,2426,Terminalversatz,2246.11450195313
320,1718.88,583.514,1.37,2426,Terminalversatz,2246.11450195313
321,1699.35,563.738,1.37,2426,Terminalversatz,2246.11450195313
322,1691.72,591.571,1.37,2426,Terminalversatz,2246.11450195313
323,1728.95,546.159,1.38,2426,Terminalversatz,2246.11450195313
324,1753.67,561.785,1.38,2426,Terminalversatz,2246.11450195313
325,1763.44,583.514,1.38,2426,Terminalversatz,2246.11450195313
326,1765.88,546.159,1.38,2426,Terminalversatz,2246.11450195313
327,1743.6,565.935,1.38,2426,Terminalversatz,2246.11450195313
328,1716.44,561.785,1.38,2426,Terminalversatz,2246.11450195313
329,1709.11,581.561,1.38,2426,Terminalversatz,2246.11450195313
330,1728.95,546.159,1.38,2426,Terminalversatz,2246.11450195313
331,1733.83,563.738,1.38,2426,Terminalversatz,2246.11450195313
332,1736.27,540.056,1.38,2426,Terminalversatz,2246.11450195313
333,1724.07,591.571,1.38,2426,Terminalversatz,2246.11450195313
334,1691.72,569.842,1.39,2426,Terminalversatz,2246.11450195313
335,1667.3,546.159,1.39,2426,Terminalversatz,2246.11450195313
336,1684.39,587.42,1.39,2426,Terminalversatz,2246.11450195313
337,1709.11,563.738,1.39,2426,Terminalversatz,2246.11450195313
338,1718.88,569.842,1.39,2426,Terminalversatz,2246.11450195313
339,1724.07,546.159,1.39,2426,Terminalversatz,2246.11450195313
340,1716.44,581.561,1.39,2426,Terminalversatz,2246.11450195313
341,1694.46,567.888,1.39,2426,Terminalversatz,2246.11450195313
342,1689.28,593.524,1.39,2426,Terminalversatz,2246.11450195313
343,1726.51,540.056,1.39,2426,Terminalversatz,2246.11450195313
344,1746.04,563.738,1.39,2426,Terminalversatz,2246.11450195313
345,1760.99,583.514,1.4,2426,Terminalversatz,2246.11450195313
346,1760.99,563.738,1.4,2426,Terminalversatz,2246.11450195313
347,1743.6,561.785,1.4,2426,Terminalversatz,2246.11450195313
348,1714.0,565.935,1.4,2426,Terminalversatz,2246.11450195313
349,1706.67,579.608,1.4,2426,Terminalversatz,2246.11450195313
350,1726.51,555.925,1.4,2426,Terminalversatz,2246.11450195313
351,1733.83,563.738,1.4,2426,Terminalversatz,2246.11450195313
352,1731.39,546.159,1.4,2426,Terminalversatz,2246.11450195313
353,1718.88,573.748,1.4,2426,Terminalversatz,2246.11450195313
354,1686.83,575.701,1.4,2426,Terminalversatz,2246.11450195313
355,1662.11,550.066,1.4,2426,Terminalversatz,2246.11450195313
356,1679.51,575.701,1.4,2426,Terminalversatz,2246.11450195313
357,1706.67,573.748,1.41,2426,Terminalversatz,2246.11450195313
358,1714.0,567.888,1.41,2426,Terminalversatz,2246.11450195313
359,1718.88,552.019,1.41,2426,Terminalversatz,2246.11450195313
360,1716.44,585.467,1.41,2426,Terminalversatz,2246.11450195313
361,1696.91,567.888,1.41,2426,Terminalversatz,2246.11450195313
362,1679.51,591.571,1.41,2426,Terminalversatz,2246.11450195313
363,1706.67,563.738,1.41,2426,Terminalversatz,2246.11450195313
364,1736.27,561.785,1.41,2426,Terminalversatz,2246.11450195313
365,1751.23,583.514,1.41,2426,Terminalversatz,2246.11450195313
366,1758.55,557.878,1.41,2426,Terminalversatz,2246.11450195313
367,1746.04,565.935,1.41,2426,Terminalversatz,2246.11450195313
368,1716.44,565.935,1.41,2426,Terminalversatz,2246.11450195313
369,1699.35,585.467,1.42,2426,Terminalversatz,2246.11450195313
370,1714.0,550.066,1.42,2426,Terminalversatz,2246.11450195313
371,1724.07,565.935,1.42,2426,Terminalversatz,2246.11450195313
372,1728.95,544.206,1.42,2426,Terminalversatz,2246.11450195313
373,1724.07,581.561,1.42,2426,Terminalversatz,2246.11450195313
374,1699.35,571.795,1.42,2426,Terminalversatz,2246.11450195313
375,1664.56,550.066,1.42,2426,Terminalversatz,2246.11450195313
376,1664.56,579.608,1.42,2426,Terminalversatz,2246.11450195313
377,1691.72,571.795,1.42,2426,Terminalversatz,2246.11450195313
378,1706.67,569.842,1.42,2426,Terminalversatz,2246.11450195313
379,1714.0,550.066,1.42,2426,Terminalversatz,2246.11450195313
380,1709.11,589.618,1.42,2426,Terminalversatz,2246.11450195313
381,1694.46,571.795,1.42,2426,Terminalversatz,2246.11450195313
382,1677.07,593.524,1.43,2426,Terminalversatz,2246.11450195313
383,1701.79,555.925,1.43,2426,Terminalversatz,2246.11450195313
384,1731.39,561.785,1.43,2426,Terminalversatz,2246.11450195313
385,1748.79,585.467,1.43,2426,Terminalversatz,2246.11450195313
386,1756.11,552.019,1.43,2426,Terminalversatz,2246.11450195313
387,1743.6,569.842,1.43,2426,Terminalversatz,2246.11450195313
388,1716.44,565.935,1.43,2426,Terminalversatz,2246.11450195313
389,1696.91,585.467,1.43,2426,Terminalversatz,2246.11450195313
390,1711.55,548.112,1.43,2426,Terminalversatz,2246.11450195313
391,1724.07,567.888,1.43,2426,Terminalversatz,2246.11450195313
392,1724.07,542.009,1.43,2426,Terminalversatz,2246.11450195313
393,1718.88,593.524,1.43,2426,Terminalversatz,2246.11450195313
394,1691.72,571.795,1.44,2426,Terminalversatz,2246.11450195313
395,1662.11,552.019,1.44,2426,Terminalversatz,2246.11450195313
396,1664.56,589.618,1.44,2426,Terminalversatz,2246.11450195313
397,1694.46,567.888,1.44,2426,Terminalversatz,2246.11450195313
398,1706.67,571.795,1.44,2426,Terminalversatz,2246.11450195313
399,1711.55,552.019,1.44,2426,Terminalversatz,2246.11450195313
400,1709.11,587.42,1.44,2426,Terminalversatz,2246.11450195313
401,1694.46,569.842,1.44,2426,Terminalversatz,2246.11450195313
402,1674.63,595.477,1.44,2426,Terminalversatz,2246.11450195313
403,1701.79,542.009,1.44,2426,Terminalversatz,2246.11450195313
404,1731.39,567.888,1.44,2426,Terminalversatz,2246.11450195313
405,1748.79,587.42,1.44,2426,Terminalversatz,2246.11450195313
406,1758.55,550.066,1.44,2426,Terminalversatz,2246.11450195313
407,1743.6,571.795,1.45,2426,Terminalversatz,2246.11450195313
408,1716.44,565.935,1.45,2426,Terminalversatz,2246.11450195313
409,1696.91,585.467,1.45,2426,Terminalversatz,2246.11450195313
410,1714.0,553.972,1.45,2426,Terminalversatz,2246.11450195313
411,1724.07,565.935,1.45,2426,Terminalversatz,2246.11450195313
412,1726.51,550.066,1.45,2426,Terminalversatz,2246.11450195313
413,1721.63,571.795,1.45,2426,Terminalversatz,2246.11450195313
414,1694.46,575.701,1.45,2426,Terminalversatz,2246.11450195313
415,1659.67,553.972,1.45,2426,Terminalversatz,2246.11450195313
416,1664.56,575.701,1.45,2426,Terminalversatz,2246.11450195313
417,1694.46,573.748,1.45,2426,Terminalversatz,2246.11450195313
418,1709.11,569.842,1.45,2426,Terminalversatz,2246.11450195313
419,1716.44,552.019,1.45,2426,Terminalversatz,2246.11450195313
420,1711.55,583.514,1.46,2426,Terminalversatz,2246.11450195313
421,1694.46,573.748,1.46,2426,Terminalversatz,2246.11450195313
422,1677.07,589.618,1.46,2426,Terminalversatz,2246.11450195313
423,1701.79,565.935,1.46,2426,Terminalversatz,2246.11450195313
424,1731.39,561.785,1.46,2426,Terminalversatz,2246.11450195313
425,1743.6,583.514,1.46,2426,Terminalversatz,2246.11450195313
426,1753.67,561.785,1.46,2426,Terminalversatz,2246.11450195313
427,1741.16,565.935,1.46,2426,Terminalversatz,2246.11450195313
428,1714.0,567.888,1.46,2426,Terminalversatz,2246.11450195313
429,1696.91,583.514,1.46,2426,Terminalversatz,2246.11450195313
430,1711.55,552.019,1.46,2426,Terminalversatz,2246.11450195313
431,1724.07,567.888,1.46,2426,Terminalversatz,2246.11450195313
432,1724.07,546.159,1.46,2426,Terminalversatz,2246.11450195313
433,1716.44,579.608,1.46,2426,Terminalversatz,2246.11450195313
434,1691.72,575.701,1.47,2426,Terminalversatz,2246.11450195313
435,1659.67,552.019,1.47,2426,Terminalversatz,2246.11450195313
436,1662.11,581.561,1.47,2426,Terminalversatz,2246.11450195313
437,1689.28,571.795,1.47,2426,Terminalversatz,2246.11450195313
438,1704.23,571.795,1.47,2426,Terminalversatz,2246.11450195313
439,1709.11,548.112,1.47,2426,Terminalversatz,2246.11450195313
440,1706.67,591.571,1.47,2426,Terminalversatz,2246.11450195313
441,1691.72,571.795,1.47,2426,Terminalversatz,2246.11450195313
442,1674.63,595.477,1.47,2426,Terminalversatz,2246.11450195313
443,1699.35,559.832,1.47,2426,Terminalversatz,2246.11450195313
444,1731.39,563.738,1.47,2426,Terminalversatz,2246.11450195313
445,1746.04,585.467,1.47,2426,Terminalversatz,2246.11450195313
446,1753.67,555.925,1.47,2426,Terminalversatz,2246.11450195313
447,1741.16,567.888,1.48,2426,Terminalversatz,2246.11450195313
448,1714.0,565.935,1.48,2426,Terminalversatz,2246.11450195313
449,1696.91,585.467,1.48,2426,Terminalversatz,2246.11450195313
450,1711.55,552.019,1.48,2426,Terminalversatz,2246.11450195313
451,1721.63,565.935,1.48,2426,Terminalversatz,2246.11450195313
452,1724.07,544.206,1.48,2426,Terminalversatz,2246.11450195313
453,1718.88,591.571,1.48,2426,Terminalversatz,2246.11450195313
454,1691.72,571.795,1.48,2426,Terminalversatz,2246.11450195313
455,1659.67,552.019,1.48,2426,Terminalversatz,2246.11450195313
456,1664.56,585.467,1.48,2426,Terminalversatz,2246.11450195313
457,1691.72,569.842,1.48,2426,Terminalversatz,2246.11450195313
458,1704.23,575.701,1.48,2426,Terminalversatz,2246.11450195313
459,1714.0,550.066,1.48,2426,Terminalversatz,2246.11450195313
460,1714.0,589.618,1.48,2426,Terminalversatz,2246.11450195313
461,1694.46,571.795,1.49001,2426,Terminalversatz,2246.11450195313
462,1674.63,597.43,1.49001,2426,Terminalversatz,2246.11450195313
463,1704.23,550.066,1.49001,2426,Terminalversatz,2246.11450195313
464,1731.39,565.935,1.49001,2426,Terminalversatz,2246.11450195313
465,1746.04,587.42,1.49001,2426,Terminalversatz,2246.11450195313
466,1756.11,553.972,1.49001,2426,Terminalversatz,2246.11450195313
467,1741.16,569.842,1.49001,2426,Terminalversatz,2246.11450195313
468,1714.0,563.738,1.49001,2426,Terminalversatz,2246.11450195313
469,1694.46,589.618,1.49001,2426,Terminalversatz,2246.11450195313
470,1711.55,555.925,1.49001,2426,Terminalversatz,2246.11450195313
471,1721.63,569.842,1.49001,2426,Terminalversatz,2246.11450195313
472,1724.07,542.009,1.49001,2426,Terminalversatz,2246.11450195313
473,1716.44,597.43,1.49001,2426,Terminalversatz,2246.11450195313
474,1691.72,575.701,1.49001,2426,Terminalversatz,2246.11450195313
475,1662.11,553.972,1.5,2426,Terminalversatz,2246.11450195313
476,1664.56,593.524,1.5,2426,Terminalversatz,2246.11450195313
477,1694.46,573.748,1.5,2426,Terminalversatz,2246.11450195313
478,1704.23,573.748,1.5,2426,Terminalversatz,2246.11450195313
479,1714.0,553.972,1.5,2426,Terminalversatz,2246.11450195313
480,1709.11,591.571,1.5,2426,Terminalversatz,2246.11450195313
481,1691.72,571.795,1.5,2426,Terminalversatz,2246.11450195313
482,1674.63,593.524,1.5,2426,Terminalversatz,2246.11450195313
483,1704.23,555.925,1.5,2426,Terminalversatz,2246.11450195313
484,1733.83,565.935,1.5,2426,Terminalversatz,2246.11450195313
485,1746.04,587.42,1.5,2426,Terminalversatz,2246.11450195313
486,1756.11,555.925,1.5,2426,Terminalversatz,2246.11450195313
487,1741.16,569.842,1.5,2426,Terminalversatz,2246.11450195313
488,1716.44,565.935,1.5,2426,Terminalversatz,2246.11450195313
489,1694.46,587.42,1.51,2426,Terminalversatz,2246.11450195313
490,1711.55,550.066,1.51,2426,Terminalversatz,2246.11450195313
491,1721.63,569.842,1.51,2426,Terminalversatz,2246.11450195313
492,1724.07,544.206,1.51,2426,Terminalversatz,2246.11450195313
493,1716.44,597.43,1.51,2426,Terminalversatz,2246.11450195313
494,1691.72,573.748,1.51,2426,Terminalversatz,2246.11450195313
495,1662.11,553.972,1.51,2426,Terminalversatz,2246.11450195313
496,1667.3,591.571,1.51,2426,Terminalversatz,2246.11450195313
497,1691.72,573.748,1.51,2426,Terminalversatz,2246.11450195313
498,1706.67,575.701,1.51,2426,Terminalversatz,2246.11450195313
499,1714.0,553.972,1.51,2426,Terminalversatz,2246.11450195313
500,1709.11,591.571,1.51,2426,Terminalversatz,2246.11450195313
501,1691.72,573.748,1.51,2426,Terminalversatz,2246.11450195313
502,1674.63,599.384,1.51,2426,Terminalversatz,2246.11450195313
503,1706.67,546.159,1.51,2426,Terminalversatz,2246.11450195313
504,1736.27,567.888,1.52,2426,Terminalversatz,2246.11450195313
505,1748.79,587.42,1.52,2426,Terminalversatz,2246.11450195313
506,1753.67,553.972,1.52,2426,Terminalversatz,2246.11450195313
507,1743.6,571.795,1.52,2426,Terminalversatz,2246.11450195313
508,1716.44,563.738,1.52,2426,Terminalversatz,2246.11450195313
509,1699.35,587.42,1.52,2426,Terminalversatz,2246.11450195313
510,1714.0,563.738,1.52,2426,Terminalversatz,2246.11450195313
511,1721.63,567.888,1.52,2426,Terminalversatz,2246.11450195313
512,1724.07,552.019,1.52,2426,Terminalversatz,2246.11450195313
513,1718.88,573.748,1.52,2426,Terminalversatz,2246.11450195313
514,1691.72,579.608,1.52,2426,Terminalversatz,2246.11450195313
515,1659.67,555.925,1.52,2426,Terminalversatz,2246.11450195313
516,1662.11,577.654,1.52,2426,Terminalversatz,2246.11450195313
517,1691.72,577.654,1.52,2426,Terminalversatz,2246.11450195313
518,1706.67,571.795,1.53,2426,Terminalversatz,2246.11450195313
519,1711.55,555.925,1.53,2426,Terminalversatz,2246.11450195313
520,1709.11,585.467,1.53,2426,Terminalversatz,2246.11450195313
521,1689.28,573.748,1.53,2426,Terminalversatz,2246.11450195313
522,1674.63,591.571,1.53,2426,Terminalversatz,2246.11450195313
523,1699.35,569.842,1.53,2426,Terminalversatz,2246.11450195313
524,1728.95,565.935,1.53,2426,Terminalversatz,2246.11450195313
525,1741.16,587.42,1.53,2426,Terminalversatz,2246.11450195313
526,1751.23,563.738,1.53,2426,Terminalversatz,2246.11450195313
527,1738.72,567.888,1.53,2426,Terminalversatz,2246.11450195313
528,1709.11,569.842,1.53,2426,Terminalversatz,2246.11450195313
529,1691.72,587.42,1.53,2426,Terminalversatz,2246.11450195313
530,1709.11,555.925,1.53,2426,Terminalversatz,2246.11450195313
531,1718.88,567.888,1.53,2426,Terminalversatz,2246.11450195313
532,1721.63,550.066,1.54,2426,Terminalversatz,2246.11450195313
533,1711.55,581.561,1.54,2426,Terminalversatz,2246.11450195313
534,1686.83,575.701,1.54,2426,Terminalversatz,2246.11450195313
535,1654.79,553.972,1.54,2426,Terminalversatz,2246.11450195313
536,1662.11,583.514,1.54,2426,Terminalversatz,2246.11450195313
537,1689.28,575.701,1.54,2426,Terminalversatz,2246.11450195313
538,1701.79,571.795,1.54,2426,Terminalversatz,2246.11450195313
539,1706.67,553.972,1.54,2426,Terminalversatz,2246.11450195313
540,1704.23,593.524,1.54,2426,Terminalversatz,2246.11450195313
541,1684.39,573.748,1.54,2426,Terminalversatz,2246.11450195313
542,1672.19,597.43,1.54,2426,Terminalversatz,2246.11450195313
543,1699.35,563.738,1.54,2426,Terminalversatz,2246.11450195313
544,1728.95,569.842,1.54,2426,Terminalversatz,2246.11450195313
545,1741.16,589.618,1.54,2426,Terminalversatz,2246.11450195313
546,1748.79,557.878,1.55,2426,Terminalversatz,2246.11450195313
547,1731.39,571.795,1.55,2426,Terminalversatz,2246.11450195313
548,1709.11,567.888,1.55,2426,Terminalversatz,2246.11450195313
549,1689.28,589.618,1.55,2426,Terminalversatz,2246.11450195313
550,1706.67,552.019,1.55,2426,Terminalversatz,2246.11450195313
551,1714.0,567.888,1.55,2426,Terminalversatz,2246.11450195313
552,1718.88,544.206,1.55,2426,Terminalversatz,2246.11450195313
553,1711.55,591.571,1.55,2426,Terminalversatz,2246.11450195313
554,1684.39,573.748,1.55,2426,Terminalversatz,2246.11450195313
555,1657.23,553.972,1.55,2426,Terminalversatz,2246.11450195313
556,1659.67,589.618,1.55,2426,Terminalversatz,2246.11450195313
557,1686.83,573.748,1.55,2426,Terminalversatz,2246.11450195313
558,1699.35,575.701,1.55,2426,Terminalversatz,2246.11450195313
559,1709.11,552.019,1.55,2426,Terminalversatz,2246.11450195313
560,1701.79,591.571,1.56001,2426,Terminalversatz,2246.11450195313
561,1686.83,573.748,1.56001,2426,Terminalversatz,2246.11450195313
562,1669.74,599.384,1.56001,2426,Terminalversatz,2246.11450195313
563,1699.35,552.019,1.56001,2426,Terminalversatz,2246.11450195313
564,1726.51,569.842,1.56001,2426,Terminalversatz,2246.11450195313
565,1743.6,591.571,1.56001,2426,Terminalversatz,2246.11450195313
566,1748.79,555.925,1.56001,2426,Terminalversatz,2246.11450195313
567,1733.83,571.795,1.56001,2426,Terminalversatz,2246.11450195313
568,1711.55,567.888,1.56001,2426,Terminalversatz,2246.11450195313
569,1694.46,587.42,1.56001,2426,Terminalversatz,2246.11450195313
570,1709.11,553.972,1.56001,2426,Terminalversatz,2246.11450195313
571,1718.88,569.842,1.56001,2426,Terminalversatz,2246.11450195313
572,1721.63,546.159,1.56001,2426,Terminalversatz,2246.11450195313
573,1714.0,599.384,1.56001,2426,Terminalversatz,2246.11450195313
574,1684.39,575.701,1.57,2426,Terminalversatz,2246.11450195313
575,1654.79,553.972,1.57,2426,Terminalversatz,2246.11450195313
576,1664.56,575.701,1.57,2426,Terminalversatz,2246.11450195313
577,1689.28,577.654,1.57,2426,Terminalversatz,2246.11450195313
578,1701.79,571.795,1.57,2426,Terminalversatz,2246.11450195313
579,1709.11,555.925,1.57,2426,Terminalversatz,2246.11450195313
580,1706.67,579.608,1.57,2426,Terminalversatz,2246.11450195313
581,1689.28,575.701,1.57,2426,Terminalversatz,2246.11450195313
582,1672.19,591.571,1.57,2426,Terminalversatz,2246.11450195313
583,1704.23,573.748,1.57,2426,Terminalversatz,2246.11450195313
584,1731.39,565.935,1.57,2426,Terminalversatz,2246.11450195313
585,1743.6,587.42,1.57,2426,Terminalversatz,2246.11450195313
586,1748.79,565.935,1.57,2426,Terminalversatz,2246.11450195313
587,1736.27,569.842,1.58,2426,Terminalversatz,2246.11450195313
588,1706.67,571.795,1.58,2426,Terminalversatz,2246.11450195313
589,1689.28,583.514,1.58,2426,Terminalversatz,2246.11450195313
590,1709.11,561.785,1.58,2426,Terminalversatz,2246.11450195313
591,1716.44,567.888,1.58,2426,Terminalversatz,2246.11450195313
592,1718.88,548.112,1.58,2426,Terminalversatz,2246.11450195313
593,1714.0,577.654,1.58,2426,Terminalversatz,2246.11450195313
594,1684.39,577.654,1.58,2426,Terminalversatz,2246.11450195313
595,1654.79,553.972,1.58,2426,Terminalversatz,2246.11450195313
596,1662.11,577.654,1.58,2426,Terminalversatz,2246.11450195313
597,1686.83,577.654,1.58,2426,Terminalversatz,2246.11450195313
598,1699.35,573.748,1.58,2426,Terminalversatz,2246.11450195313
599,1706.67,555.925,1.58,2426,Terminalversatz,2246.11450195313
600,1704.23,591.571,1.58,2426,Terminalversatz,2246.11450195313
601,1684.39,573.748,1.59,2426,Terminalversatz,2246.11450195313
602,1672.19,593.524,1.59,2426,Terminalversatz,2246.11450195313
603,1701.79,563.738,1.59,2426,Terminalversatz,2246.11450195313
604,1731.39,567.888,1.59,2426,Terminalversatz,2246.11450195313
605,1743.6,589.618,1.59,2426,Terminalversatz,2246.11450195313
606,1751.23,561.785,1.59,2426,Terminalversatz,2246.11450195313
607,1733.83,569.842,1.59,2426,Terminalversatz,2246.11450195313
608,1709.11,569.842,1.59,2426,Terminalversatz,2246.11450195313
609,1691.72,585.467,1.59,2426,Terminalversatz,2246.11450195313
610,1709.11,550.066,1.59,2426,Terminalversatz,2246.11450195313
611,1718.88,571.795,1.59,2426,Terminalversatz,2246.11450195313
612,1718.88,544.206,1.59,2426,Terminalversatz,2246.11450195313
613,1709.11,585.467,1.59,2426,Terminalversatz,2246.11450195313
614,1681.95,575.701,1.59,2426,Terminalversatz,2246.11450195313
615,1652.35,553.972,1.6,2426,Terminalversatz,2246.11450195313
616,1659.67,585.467,1.6,2426,Terminalversatz,2246.11450195313
617,1686.83,571.795,1.6,2426,Terminalversatz,2246.11450195313
618,1696.91,575.701,1.6,2426,Terminalversatz,2246.11450195313
619,1704.23,553.972,1.6,2426,Terminalversatz,2246.11450195313
620,1699.35,591.571,1.6,2426,Terminalversatz,2246.11450195313
621,1679.51,573.748,1.6,2426,Terminalversatz,2246.11450195313
622,1667.3,599.384,1.6,2426,Terminalversatz,2246.11450195313
623,1696.91,553.972,1.6,2426,Terminalversatz,2246.11450195313
624,1726.51,567.888,1.6,2426,Terminalversatz,2246.11450195313
625,1736.27,587.42,1.6,2426,Terminalversatz,2246.11450195313
626,1743.6,555.925,1.6,2426,Terminalversatz,2246.11450195313
627,1731.39,571.795,1.6,2426,Terminalversatz,2246.11450195313
628,1704.23,563.738,1.61,2426,Terminalversatz,2246.11450195313
629,1684.39,585.467,1.61,2426,Terminalversatz,2246.11450195313
630,1704.23,552.019,1.61,2426,Terminalversatz,2246.11450195313
631,1714.0,565.935,1.61,2426,Terminalversatz,2246.11450195313
632,1714.0,546.159,1.61,2426,Terminalversatz,2246.11450195313
633,1706.67,597.43,1.61,2426,Terminalversatz,2246.11450195313
634,1677.07,573.748,1.61,2426,Terminalversatz,2246.11450195313
635,1647.47,552.019,1.61,2426,Terminalversatz,2246.11450195313
636,1657.23,591.571,1.61,2426,Terminalversatz,2246.11450195313
637,1684.39,571.795,1.61,2426,Terminalversatz,2246.11450195313
638,1696.91,575.701,1.61,2426,Terminalversatz,2246.11450195313
639,1699.35,553.972,1.61,2426,Terminalversatz,2246.11450195313
640,1699.35,587.42,1.61,2426,Terminalversatz,2246.11450195313
641,1679.51,571.795,1.62,2426,Terminalversatz,2246.11450195313
642,1669.74,597.43,1.62,2426,Terminalversatz,2246.11450195313
643,1696.91,561.785,1.62,2426,Terminalversatz,2246.11450195313
644,1724.07,565.935,1.62,2426,Terminalversatz,2246.11450195313
645,1736.27,587.42,1.62,2426,Terminalversatz,2246.11450195313
646,1741.16,555.925,1.62,2426,Terminalversatz,2246.11450195313
647,1726.51,567.888,1.62,2426,Terminalversatz,2246.11450195313
648,1696.91,565.935,1.62,2426,Terminalversatz,2246.11450195313
649,1684.39,585.467,1.62,2426,Terminalversatz,2246.11450195313
650,1701.79,550.066,1.62,2426,Terminalversatz,2246.11450195313
651,1711.55,567.888,1.62,2426,Terminalversatz,2246.11450195313
652,1716.44,544.206,1.62,2426,Terminalversatz,2246.11450195313
653,1706.67,591.571,1.63,2426,Terminalversatz,2246.11450195313
654,1677.07,575.701,1.63,2426,Terminalversatz,2246.11450195313
655,1647.47,550.066,1.63,2426,Terminalversatz,2246.11450195313
656,1659.67,587.42,1.63,2426,Terminalversatz,2246.11450195313
657,1681.95,573.748,1.63,2426,Terminalversatz,2246.11450195313
658,1694.46,573.748,1.63,2426,Terminalversatz,2246.11450195313
659,1699.35,553.972,1.63,2426,Terminalversatz,2246.11450195313
660,1694.46,591.571,1.63,2426,Terminalversatz,2246.11450195313
661,1679.51,571.795,1.63,2426,Terminalversatz,2246.11450195313
662,1667.3,597.43,1.63,2426,Terminalversatz,2246.11450195313
663,1696.91,552.019,1.63,2426,Terminalversatz,2246.11450195313
664,1724.07,565.935,1.63,2426,Terminalversatz,2246.11450195313
665,1736.27,589.618,1.63,2426,Terminalversatz,2246.11450195313
666,1743.6,553.972,1.64,2426,Terminalversatz,2246.11450195313
667,1726.51,571.795,1.64,2426,Terminalversatz,2246.11450195313
668,1701.79,563.738,1.64,2426,Terminalversatz,2246.11450195313
669,1684.39,587.42,1.64,2426,Terminalversatz,2246.11450195313
670,1704.23,552.019,1.64,2426,Terminalversatz,2246.11450195313
671,1711.55,567.888,1.64,2426,Terminalversatz,2246.11450195313
672,1711.55,542.009,1.64,2426,Terminalversatz,2246.11450195313
673,1706.67,597.43,1.64,2426,Terminalversatz,2246.11450195313
674,1677.07,579.608,1.64,2426,Terminalversatz,2246.11450195313
675,1649.91,555.925,1.64,2426,Terminalversatz,2246.11450195313
676,1657.23,573.748,1.64,2426,Terminalversatz,2246.11450195313
677,1681.95,577.654,1.64,2426,Terminalversatz,2246.11450195313
678,1691.72,569.842,1.64,2426,Terminalversatz,2246.11450195313
679,1699.35,553.972,1.65,2426,Terminalversatz,2246.11450195313
680,1696.91,581.561,1.65,2426,Terminalversatz,2246.11450195313
681,1674.63,573.748,1.65,2426,Terminalversatz,2246.11450195313
682,1664.56,589.618,1.65,2426,Terminalversatz,2246.11450195313
683,1696.91,573.748,1.65,2426,Terminalversatz,2246.11450195313
684,1721.63,561.785,1.65,2426,Terminalversatz,2246.11450195313
685,1736.27,585.467,1.65,2426,Terminalversatz,2246.11450195313
686,1741.16,563.738,1.65,2426,Terminalversatz,2246.11450195313
687,1724.07,565.935,1.65,2426,Terminalversatz,2246.11450195313
688,1696.91,565.935,1.65,2426,Terminalversatz,2246.11450195313
689,1681.95,585.467,1.65,2426,Terminalversatz,2246.11450195313
690,1701.79,555.925,1.65,2426,Terminalversatz,2246.11450195313
691,1709.11,567.888,1.65,2426,Terminalversatz,2246.11450195313
692,1711.55,546.159,1.66,2426,Terminalversatz,2246.11450195313
693,1704.23,575.701,1.66,2426,Terminalversatz,2246.11450195313
694,1677.07,577.654,1.66,2426,Terminalversatz,2246.11450195313
695,1647.47,552.019,1.66,2426,Terminalversatz,2246.11450195313
696,1657.23,579.608,1.66,2426,Terminalversatz,2246.11450195313
697,1684.39,573.748,1.66,2426,Terminalversatz,2246.11450195313
698,1696.91,571.795,1.66,2426,Terminalversatz,2246.11450195313
699,1701.79,552.019,1.66,2426,Terminalversatz,2246.11450195313
700,1696.91,587.42,1.66,2426,Terminalversatz,2246.11450195313
701,1677.07,571.795,1.66,2426,Terminalversatz,2246.11450195313
702,1669.74,593.524,1.66,2426,Terminalversatz,2246.11450195313
703,1699.35,563.738,1.66,2426,Terminalversatz,2246.11450195313
704,1726.51,563.738,1.66,2426,Terminalversatz,2246.11450195313
705,1736.27,585.467,1.67,2426,Terminalversatz,2246.11450195313
706,1743.6,559.832,1.67,2426,Terminalversatz,2246.11450195313
707,1726.51,567.888,1.67,2426,Terminalversatz,2246.11450195313
708,1701.79,567.888,1.67,2426,Terminalversatz,2246.11450195313
709,1686.83,583.514,1.67,2426,Terminalversatz,2246.11450195313
710,1709.11,552.019,1.67,2426,Terminalversatz,2246.11450195313
711,1711.55,565.935,1.67,2426,Terminalversatz,2246.11450195313
712,1716.44,544.206,1.67,2426,Terminalversatz,2246.11450195313
713,1709.11,583.514,1.67,2426,Terminalversatz,2246.11450195313
714,1679.51,573.748,1.67,2426,Terminalversatz,2246.11450195313
715,1652.35,550.066,1.67,2426,Terminalversatz,2246.11450195313
716,1662.11,583.514,1.67,2426,Terminalversatz,2246.11450195313
717,1689.28,571.795,1.67,2426,Terminalversatz,2246.11450195313
718,1701.79,573.748,1.68,2426,Terminalversatz,2246.11450195313
719,1706.67,552.019,1.68,2426,Terminalversatz,2246.11450195313
720,1704.23,591.571,1.68,2426,Terminalversatz,2246.11450195313
721,1681.95,571.795,1.68,2426,Terminalversatz,2246.11450195313
722,1672.19,597.43,1.68,2426,Terminalversatz,2246.11450195313
723,1706.67,553.972,1.68,2426,Terminalversatz,2246.11450195313
724,1731.39,565.935,1.68,2426,Terminalversatz,2246.11450195313
725,1741.16,587.42,1.68,2426,Terminalversatz,2246.11450195313
726,1748.79,553.972,1.68,2426,Terminalversatz,2246.11450195313
727,1728.95,569.842,1.68,2426,Terminalversatz,2246.11450195313
728,1701.79,565.935,1.68,2426,Terminalversatz,2246.11450195313
729,1689.28,585.467,1.68,2426,Terminalversatz,2246.11450195313
730,1709.11,550.066,1.68,2426,Terminalversatz,2246.11450195313
731,1716.44,567.888,1.69,2426,Terminalversatz,2246.11450195313
732,1718.88,540.056,1.69,2426,Terminalversatz,2246.11450195313
733,1711.55,597.43,1.69,2426,Terminalversatz,2246.11450195313
734,1679.51,571.795,1.69,2426,Terminalversatz,2246.11450195313
735,1652.35,553.972,1.69,2426,Terminalversatz,2246.11450195313
736,1662.11,589.618,1.69,2426,Terminalversatz,2246.11450195313
737,1689.28,569.842,1.69,2426,Terminalversatz,2246.11450195313
738,1699.35,573.748,1.69,2426,Terminalversatz,2246.11450195313
739,1706.67,550.066,1.69,2426,Terminalversatz,2246.11450195313
740,1701.79,573.748,1.69,2426,Terminalversatz,2246.11450195313
741,1679.51,571.795,1.69,2426,Terminalversatz,2246.11450195313
742,1669.74,585.467,1.69,2426,Terminalversatz,2246.11450195313
743,1704.23,575.701,1.69,2426,Terminalversatz,2246.11450195313
744,1728.95,557.878,1.7,2426,Terminalversatz,2246.11450195313
745,1741.16,581.561,1.7,2426,Terminalversatz,2246.11450195313
746,1748.79,565.935,1.7,2426,Terminalversatz,2246.11450195313
747,1728.95,565.935,1.7,2426,Terminalversatz,2246.11450195313
748,1701.79,567.888,1.7,2426,Terminalversatz,2246.11450195313
749,1691.72,581.561,1.7,2426,Terminalversatz,2246.11450195313
750,1706.67,561.785,1.7,2426,Terminalversatz,2246.11450195313
751,1716.44,565.935,1.7,2426,Terminalversatz,2246.11450195313
752,1716.44,550.066,1.7,2426,Terminalversatz,2246.11450195313
753,1709.11,571.795,1.7,2426,Terminalversatz,2246.11450195313
754,1681.95,577.654,1.7,2426,Terminalversatz,2246.11450195313
755,1652.35,552.019,1.7,2426,Terminalversatz,2246.11450195313
756,1664.56,575.701,1.7,2426,Terminalversatz,2246.11450195313
757,1691.72,577.654,1.71,2426,Terminalversatz,2246.11450195313
758,1704.23,569.842,1.71,2426,Terminalversatz,2246.11450195313
759,1711.55,553.972,1.71,2426,Terminalversatz,2246.11450195313
760,1704.23,585.467,1.71,2426,Terminalversatz,2246.11450195313
761,1684.39,571.795,1.71,2426,Terminalversatz,2246.11450195313
762,1674.63,591.571,1.71,2426,Terminalversatz,2246.11450195313
763,1706.67,567.888,1.71,2426,Terminalversatz,2246.11450195313
764,1731.39,561.785,1.71,2426,Terminalversatz,2246.11450195313
765,1743.6,583.514,1.71,2426,Terminalversatz,2246.11450195313
766,1748.79,561.785,1.71,2426,Terminalversatz,2246.11450195313
767,1731.39,565.935,1.71,2426,Terminalversatz,2246.11450195313
768,1704.23,565.935,1.71,2426,Terminalversatz,2246.11450195313
769,1691.72,585.467,1.72,2426,Terminalversatz,2246.11450195313
770,1711.55,552.019,1.72,2426,Terminalversatz,2246.11450195313
771,1721.63,565.935,1.72,2426,Terminalversatz,2246.11450195313
772,1721.63,544.206,1.72,2426,Terminalversatz,2246.11450195313
773,1714.0,579.608,1.72,2426,Terminalversatz,2246.11450195313
774,1684.39,575.701,1.72,2426,Terminalversatz,2246.11450195313
775,1654.79,553.972,1.72,2426,Terminalversatz,2246.11450195313
776,1672.19,579.608,1.72,2426,Terminalversatz,2246.11450195313
777,1694.46,573.748,1.72,2426,Terminalversatz,2246.11450195313
778,1706.67,569.842,1.72,2426,Terminalversatz,2246.11450195313
779,1711.55,553.972,1.72,2426,Terminalversatz,2246.11450195313
780,1704.23,589.618,1.72,2426,Terminalversatz,2246.11450195313
781,1681.95,571.795,1.72,2426,Terminalversatz,2246.11450195313
782,1674.63,597.43,1.72,2426,Terminalversatz,2246.11450195313
783,1709.11,559.832,1.73,2426,Terminalversatz,2246.11450195313
784,1736.27,565.935,1.73,2426,Terminalversatz,2246.11450195313
785,1746.04,587.42,1.73,2426,Terminalversatz,2246.11450195313
786,1753.67,553.972,1.73,2426,Terminalversatz,2246.11450195313
787,1736.27,567.888,1.73,2426,Terminalversatz,2246.11450195313
788,1706.67,563.738,1.73,2426,Terminalversatz,2246.11450195313
789,1696.91,585.467,1.73,2426,Terminalversatz,2246.11450195313
790,1716.44,550.066,1.73,2426,Terminalversatz,2246.11450195313
791,1718.88,565.935,1.73,2426,Terminalversatz,2246.11450195313
792,1724.07,542.009,1.73,2426,Terminalversatz,2246.11450195313
793,1716.44,589.618,1.73,2426,Terminalversatz,2246.11450195313
794,1684.39,573.748,1.73,2426,Terminalversatz,2246.11450195313
795,1654.79,552.019,1.73,2426,Terminalversatz,2246.11450195313
796,1672.19,587.42,1.74001,2426,Terminalversatz,2246.11450195313
797,1699.35,569.842,1.74001,2426,Terminalversatz,2246.11450195313
798,1706.67,571.795,1.74001,2426,Terminalversatz,2246.11450195313
799,1714.0,552.019,1.74001,2426,Terminalversatz,2246.11450195313
800,1709.11,587.42,1.74001,2426,Terminalversatz,2246.11450195313
801,1689.28,571.795,1.74001,2426,Terminalversatz,2246.11450195313
802,1677.07,593.524,1.74001,2426,Terminalversatz,2246.11450195313
803,1714.0,546.159,1.74001,2426,Terminalversatz,2246.11450195313
804,1738.72,565.935,1.74001,2426,Terminalversatz,2246.11450195313
805,1753.67,587.42,1.74001,2426,Terminalversatz,2246.11450195313
806,1758.55,559.832,1.74001,2426,Terminalversatz,2246.11450195313
807,1741.16,567.888,1.74001,2426,Terminalversatz,2246.11450195313
808,1711.55,565.935,1.74001,2426,Terminalversatz,2246.11450195313
809,1699.35,583.514,1.75,2426,Terminalversatz,2246.11450195313
810,1718.88,550.066,1.75,2426,Terminalversatz,2246.11450195313
811,1728.95,567.888,1.75,2426,Terminalversatz,2246.11450195313
812,1728.95,542.009,1.75,2426,Terminalversatz,2246.11450195313
813,1718.88,579.608,1.75,2426,Terminalversatz,2246.11450195313
814,1686.83,571.795,1.75,2426,Terminalversatz,2246.11450195313
815,1662.11,550.066,1.75,2426,Terminalversatz,2246.11450195313
816,1674.63,581.561,1.75,2426,Terminalversatz,2246.11450195313
817,1701.79,571.795,1.75,2426,Terminalversatz,2246.11450195313
818,1714.0,571.795,1.75,2426,Terminalversatz,2246.11450195313
819,1721.63,550.066,1.75,2426,Terminalversatz,2246.11450195313
820,1714.0,587.42,1.75,2426,Terminalversatz,2246.11450195313
821,1694.46,571.795,1.75,2426,Terminalversatz,2246.11450195313
822,1679.51,595.477,1.76,2426,Terminalversatz,2246.11450195313
823,1721.63,553.972,1.76,2426,Terminalversatz,2246.11450195313
824,1743.6,563.738,1.76,2426,Terminalversatz,2246.11450195313
825,1756.11,587.42,1.76,2426,Terminalversatz,2246.11450195313
826,1760.99,553.972,1.76,2426,Terminalversatz,2246.11450195313
827,1743.6,567.888,1.76,2426,Terminalversatz,2246.11450195313
828,1718.88,561.785,1.76,2426,Terminalversatz,2246.11450195313
829,1706.67,585.467,1.76,2426,Terminalversatz,2246.11450195313
830,1724.07,550.066,1.76,2426,Terminalversatz,2246.11450195313
831,1731.39,565.935,1.76,2426,Terminalversatz,2246.11450195313
832,1733.83,542.009,1.76,2426,Terminalversatz,2246.11450195313
833,1721.63,593.524,1.76,2426,Terminalversatz,2246.11450195313
834,1691.72,571.795,1.76,2426,Terminalversatz,2246.11450195313
835,1664.56,550.066,1.77,2426,Terminalversatz,2246.11450195313
836,1677.07,587.42,1.77,2426,Terminalversatz,2246.11450195313
837,1704.23,569.842,1.77,2426,Terminalversatz,2246.11450195313
838,1714.0,571.795,1.77,2426,Terminalversatz,2246.11450195313
839,1721.63,555.925,1.77,2426,Terminalversatz,2246.11450195313
840,1714.0,571.795,1.77,2426,Terminalversatz,2246.11450195313
841,1691.72,571.795,1.77,2426,Terminalversatz,2246.11450195313
842,1681.95,583.514,1.77,2426,Terminalversatz,2246.11450195313
843,1718.88,571.795,1.77,2426,Terminalversatz,2246.11450195313
844,1741.16,557.878,1.77,2426,Terminalversatz,2246.11450195313
845,1753.67,581.561,1.77,2426,Terminalversatz,2246.11450195313
846,1758.55,565.935,1.77,2426,Terminalversatz,2246.11450195313
847,1738.72,563.738,1.77,2426,Terminalversatz,2246.11450195313
848,1714.0,567.888,1.77,2426,Terminalversatz,2246.11450195313
849,1701.79,579.608,1.78,2426,Terminalversatz,2246.11450195313
850,1721.63,561.785,1.78,2426,Terminalversatz,2246.11450195313
851,1726.51,565.935,1.78,2426,Terminalversatz,2246.11450195313
852,1731.39,548.112,1.78,2426,Terminalversatz,2246.11450195313
853,1718.88,569.842,1.78,2426,Terminalversatz,2246.11450195313
854,1684.39,575.701,1.78,2426,Terminalversatz,2246.11450195313
855,1659.67,552.019,1.78,2426,Terminalversatz,2246.11450195313
856,1677.07,573.748,1.78,2426,Terminalversatz,2246.11450195313
857,1701.79,573.748,1.78,2426,Terminalversatz,2246.11450195313
858,1711.55,569.842,1.78,2426,Terminalversatz,2246.11450195313
859,1721.63,553.972,1.78,2426,Terminalversatz,2246.11450195313
860,1711.55,583.514,1.78,2426,Terminalversatz,2246.11450195313
861,1691.72,571.795,1.78,2426,Terminalversatz,2246.11450195313
862,1679.51,587.42,1.79,2426,Terminalversatz,2246.11450195313
863,1718.88,565.935,1.79,2426,Terminalversatz,2246.11450195313
864,1741.16,559.832,1.79,2426,Terminalversatz,2246.11450195313
865,1753.67,585.467,1.79,2426,Terminalversatz,2246.11450195313
866,1758.55,559.832,1.79,2426,Terminalversatz,2246.11450195313
867,1741.16,563.738,1.79,2426,Terminalversatz,2246.11450195313
868,1714.0,563.738,1.79,2426,Terminalversatz,2246.11450195313
869,1701.79,581.561,1.79,2426,Terminalversatz,2246.11450195313
870,1718.88,553.972,1.79,2426,Terminalversatz,2246.11450195313
871,1726.51,563.738,1.79,2426,Terminalversatz,2246.11450195313
872,1728.95,544.206,1.79,2426,Terminalversatz,2246.11450195313
873,1718.88,579.608,1.79,2426,Terminalversatz,2246.11450195313
874,1689.28,573.748,1.8,2426,Terminalversatz,2246.11450195313
875,1659.67,550.066,1.8,2426,Terminalversatz,2246.11450195313
876,1677.07,579.608,1.8,2426,Terminalversatz,2246.11450195313
877,1704.23,571.795,1.8,2426,Terminalversatz,2246.11450195313
878,1714.0,573.748,1.8,2426,Terminalversatz,2246.11450195313
879,1721.63,550.066,1.8,2426,Terminalversatz,2246.11450195313
880,1714.0,589.618,1.8,2426,Terminalversatz,2246.11450195313
881,1694.46,571.795,1.8,2426,Terminalversatz,2246.11450195313
882,1684.39,593.524,1.8,2426,Terminalversatz,2246.11450195313
883,1718.88,557.878,1.8,2426,Terminalversatz,2246.11450195313
884,1746.04,563.738,1.8,2426,Terminalversatz,2246.11450195313
885,1758.55,583.514,1.8,2426,Terminalversatz,2246.11450195313
886,1758.55,555.925,1.8,2426,Terminalversatz,2246.11450195313
887,1741.16,565.935,1.81001,2426,Terminalversatz,2246.11450195313
888,1714.0,561.785,1.81001,2426,Terminalversatz,2246.11450195313
889,1704.23,583.514,1.81001,2426,Terminalversatz,2246.11450195313
890,1718.88,550.066,1.81001,2426,Terminalversatz,2246.11450195313
891,1731.39,565.935,1.81001,2426,Terminalversatz,2246.11450195313
892,1736.27,540.056,1.81001,2426,Terminalversatz,2246.11450195313
893,1731.39,587.42,1.81001,2426,Terminalversatz,2246.11450195313
894,1711.55,569.842,1.81001,2426,Terminalversatz,2246.11450195313
895,1674.63,548.112,1.81001,2426,Terminalversatz,2246.11450195313
896,1674.63,583.514,1.81001,2426,Terminalversatz,2246.11450195313
897,1701.79,569.842,1.81001,2426,Terminalversatz,2246.11450195313
898,1714.0,571.795,1.81001,2426,Terminalversatz,2246.11450195313
899,1724.07,548.112,1.82,2426,Terminalversatz,2246.11450195313
900,1724.07,589.618,1.82,2426,Terminalversatz,2246.11450195313
901,1706.67,567.888,1.82,2426,Terminalversatz,2246.11450195313
902,1686.83,595.477,1.82,2426,Terminalversatz,2246.11450195313
903,1709.11,548.112,1.82,2426,Terminalversatz,2246.11450195313
904,1743.6,553.972,1.82,2426,Terminalversatz,2246.11450195313
905,1758.55,579.608,1.82,2426,Terminalversatz,2246.11450195313
906,1765.88,567.888,1.82,2426,Terminalversatz,2246.11450195313
907,1758.55,559.832,1.82,2426,Terminalversatz,2246.11450195313
908,1731.39,567.888,1.82,2426,Terminalversatz,2246.11450195313
909,1709.11,577.654,1.82,2426,Terminalversatz,2246.11450195313
910,1721.63,567.888,1.82,2426,Terminalversatz,2246.11450195313
911,1733.83,563.738,1.82,2426,Terminalversatz,2246.11450195313
912,1736.27,548.112,1.83,2426,Terminalversatz,2246.11450195313
913,1731.39,565.935,1.83,2426,Terminalversatz,2246.11450195313
914,1706.67,579.608,1.83,2426,Terminalversatz,2246.11450195313
915,1674.63,553.972,1.83,2426,Terminalversatz,2246.11450195313
916,1672.19,569.842,1.83,2426,Terminalversatz,2246.11450195313
917,1701.79,573.748,1.83,2426,Terminalversatz,2246.11450195313
918,1714.0,565.935,1.83,2426,Terminalversatz,2246.11450195313
919,1724.07,552.019,1.83,2426,Terminalversatz,2246.11450195313
920,1721.63,577.654,1.83,2426,Terminalversatz,2246.11450195313
921,1706.67,569.842,1.83,2426,Terminalversatz,2246.11450195313
922,1686.83,587.42,1.83,2426,Terminalversatz,2246.11450195313
923,1709.11,565.935,1.83,2426,Terminalversatz,2246.11450195313
924,1741.16,557.878,1.84,2426,Terminalversatz,2246.11450195313
925,1758.55,581.561,1.84,2426,Terminalversatz,2246.11450195313
926,1768.32,559.832,1.84,2426,Terminalversatz,2246.11450195313
927,1756.11,563.738,1.84,2426,Terminalversatz,2246.11450195313
928,1731.39,565.935,1.84,2426,Terminalversatz,2246.11450195313
929,1711.55,581.561,1.84,2426,Terminalversatz,2246.11450195313
930,1724.07,553.972,1.84,2426,Terminalversatz,2246.11450195313
931,1731.39,561.785,1.84,2426,Terminalversatz,2246.11450195313
932,1738.72,544.206,1.84,2426,Terminalversatz,2246.11450195313
933,1733.83,577.654,1.84,2426,Terminalversatz,2246.11450195313
934,1711.55,573.748,1.84,2426,Terminalversatz,2246.11450195313
935,1679.51,550.066,1.84,2426,Terminalversatz,2246.11450195313
936,1674.63,577.654,1.85,2426,Terminalversatz,2246.11450195313
937,1706.67,569.842,1.85,2426,Terminalversatz,2246.11450195313
938,1718.88,569.842,1.85,2426,Terminalversatz,2246.11450195313
939,1726.51,550.066,1.85,2426,Terminalversatz,2246.11450195313
940,1726.51,587.42,1.85,2426,Terminalversatz,2246.11450195313
941,1709.11,567.888,1.85,2426,Terminalversatz,2246.11450195313
942,1689.28,593.524,1.85,2426,Terminalversatz,2246.11450195313
943,1711.55,559.832,1.85,2426,Terminalversatz,2246.11450195313
944,1743.6,561.785,1.85,2426,Terminalversatz,2246.11450195313
945,1758.55,583.514,1.85,2426,Terminalversatz,2246.11450195313
946,1768.32,555.925,1.85,2426,Terminalversatz,2246.11450195313
947,1756.11,565.935,1.85,2426,Terminalversatz,2246.11450195313
948,1731.39,563.738,1.86,2426,Terminalversatz,2246.11450195313
949,1709.11,581.561,1.86,2426,Terminalversatz,2246.11450195313
950,1724.07,548.112,1.86,2426,Terminalversatz,2246.11450195313
951,1733.83,561.785,1.86,2426,Terminalversatz,2246.11450195313
952,1736.27,542.009,1.86,2426,Terminalversatz,2246.11450195313
953,1733.83,581.561,1.86,2426,Terminalversatz,2246.11450195313
954,1706.67,571.795,1.86,2426,Terminalversatz,2246.11450195313
955,1674.63,548.112,1.86,2426,Terminalversatz,2246.11450195313
956,1674.63,581.561,1.86,2426,Terminalversatz,2246.11450195313
957,1704.23,569.842,1.86,2426,Terminalversatz,2246.11450195313
958,1716.44,571.795,1.86,2426,Terminalversatz,2246.11450195313
959,1726.51,550.066,1.86,2426,Terminalversatz,2246.11450195313
960,1726.51,589.618,1.87,2426,Terminalversatz,2246.11450195313
961,1706.67,569.842,1.87,2426,Terminalversatz,2246.11450195313
962,1694.46,593.524,1.87,2426,Terminalversatz,2246.11450195313
963,1714.0,550.066,1.87,2426,Terminalversatz,2246.11450195313
964,1743.6,563.738,1.87,2426,Terminalversatz,2246.11450195313
965,1760.99,583.514,1.87,2426,Terminalversatz,2246.11450195313
966,1768.32,550.066,1.87,2426,Terminalversatz,2246.11450195313
967,1758.55,567.888,1.87,2426,Terminalversatz,2246.11450195313
968,1733.83,561.785,1.87,2426,Terminalversatz,2246.11450195313
969,1711.55,585.467,1.87,2426,Terminalversatz,2246.11450195313
970,1726.51,550.066,1.87,2426,Terminalversatz,2246.11450195313
971,1738.72,563.738,1.87,2426,Terminalversatz,2246.11450195313
972,1741.16,544.206,1.88,2426,Terminalversatz,2246.11450195313
973,1736.27,577.654,1.88,2426,Terminalversatz,2246.11450195313
974,1711.55,573.748,1.88,2426,Terminalversatz,2246.11450195313
975,1679.51,550.066,1.88,2426,Terminalversatz,2246.11450195313
976,1677.07,579.608,1.88,2426,Terminalversatz,2246.11450195313
977,1706.67,569.842,1.88,2426,Terminalversatz,2246.11450195313
978,1721.63,569.842,1.88,2426,Terminalversatz,2246.11450195313
979,1728.95,552.019,1.88,2426,Terminalversatz,2246.11450195313
980,1728.95,587.42,1.88,2426,Terminalversatz,2246.11450195313
981,1709.11,567.888,1.88,2426,Terminalversatz,2246.11450195313
982,1689.28,593.524,1.88,2426,Terminalversatz,2246.11450195313
983,1716.44,555.925,1.88,2426,Terminalversatz,2246.11450195313
984,1746.04,561.785,1.89,2426,Terminalversatz,2246.11450195313
985,1763.44,583.514,1.89,2426,Terminalversatz,2246.11450195313
986,1770.76,552.019,1.89,2426,Terminalversatz,2246.11450195313
987,1758.55,561.785,1.89,2426,Terminalversatz,2246.11450195313
988,1731.39,563.738,1.89,2426,Terminalversatz,2246.11450195313
989,1714.0,583.514,1.89,2426,Terminalversatz,2246.11450195313
990,1728.95,548.112,1.89,2426,Terminalversatz,2246.11450195313
991,1736.27,559.832,1.89,2426,Terminalversatz,2246.11450195313
992,1741.16,540.056,1.89,2426,Terminalversatz,2246.11450195313
993,1736.27,587.42,1.89,2426,Terminalversatz,2246.11450195313
994,1709.11,571.795,1.89,2426,Terminalversatz,2246.11450195313
995,1677.07,548.112,1.89,2426,Terminalversatz,2246.11450195313
996,1677.07,583.514,1.9,2426,Terminalversatz,2246.11450195313
997,1709.11,569.842,1.9,2426,Terminalversatz,2246.11450195313
998,1718.88,571.795,1.9,2426,Terminalversatz,2246.11450195313
999,1728.95,546.159,1.9,2426,Terminalversatz,2246.11450195313
1000,1728.95,587.42,1.9,2426,Terminalversatz,2246.11450195313
1001,1709.11,569.842,1.9,2426,Terminalversatz,2246.11450195313
1002,1691.72,593.524,1.9,2426,Terminalversatz,2246.11450195313
1003,1718.88,573.748,1.9,2426,Terminalversatz,2246.11450195313
1004,1751.23,553.972,1.9,2426,Terminalversatz,2246.11450195313
1005,1763.44,575.701,1.9,2426,Terminalversatz,2246.11450195313
1006,1773.2,565.935,1.9,2426,Terminalversatz,2246.11450195313
1007,1760.99,559.832,1.9,2426,Terminalversatz,2246.11450195313
1008,1736.27,567.888,1.91,2426,Terminalversatz,2246.11450195313
1009,1716.44,577.654,1.91,2426,Terminalversatz,2246.11450195313
1010,1728.95,567.888,1.91,2426,Terminalversatz,2246.11450195313
1011,1741.16,561.785,1.91,2426,Terminalversatz,2246.11450195313
1012,1741.16,548.112,1.91,2426,Terminalversatz,2246.11450195313
1013,1741.16,565.935,1.91,2426,Terminalversatz,2246.11450195313
1014,1714.0,577.654,1.91,2426,Terminalversatz,2246.11450195313
1015,1681.95,553.972,1.91,2426,Terminalversatz,2246.11450195313
1016,1679.51,569.842,1.91,2426,Terminalversatz,2246.11450195313
1017,1711.55,571.795,1.91,2426,Terminalversatz,2246.11450195313
1018,1726.51,565.935,1.91,2426,Terminalversatz,2246.11450195313
1019,1733.83,552.019,1.92,2426,Terminalversatz,2246.11450195313
1020,1731.39,577.654,1.92,2426,Terminalversatz,2246.11450195313
1021,1714.0,569.842,1.92,2426,Terminalversatz,2246.11450195313
1022,1694.46,585.467,1.92,2426,Terminalversatz,2246.11450195313
1023,1724.07,567.888,1.92,2426,Terminalversatz,2246.11450195313
1024,1751.23,557.878,1.92,2426,Terminalversatz,2246.11450195313
1025,1765.88,579.608,1.92,2426,Terminalversatz,2246.11450195313
1026,1775.95,561.785,1.92,2426,Terminalversatz,2246.11450195313
1027,1760.99,563.738,1.92,2426,Terminalversatz,2246.11450195313
1028,1736.27,565.935,1.92,2426,Terminalversatz,2246.11450195313
1029,1716.44,579.608,1.92,2426,Terminalversatz,2246.11450195313
1030,1731.39,553.972,1.92,2426,Terminalversatz,2246.11450195313
1031,1743.6,563.738,1.93,2426,Terminalversatz,2246.11450195313
1032,1748.79,544.206,1.93,2426,Terminalversatz,2246.11450195313
1033,1743.6,571.795,1.93,2426,Terminalversatz,2246.11450195313
1034,1714.0,573.748,1.93,2426,Terminalversatz,2246.11450195313
1035,1681.95,552.019,1.93,2426,Terminalversatz,2246.11450195313
1036,1681.95,575.701,1.93,2426,Terminalversatz,2246.11450195313
1037,1711.55,571.795,1.93,2426,Terminalversatz,2246.11450195313
1038,1724.07,567.888,1.93,2426,Terminalversatz,2246.11450195313
1039,1728.95,550.066,1.93,2426,Terminalversatz,2246.11450195313
1040,1726.51,585.467,1.93,2426,Terminalversatz,2246.11450195313
1041,1711.55,569.842,1.93,2426,Terminalversatz,2246.11450195313
1042,1691.72,589.618,1.94,2426,Terminalversatz,2246.11450195313
1043,1718.88,557.878,1.94,2426,Terminalversatz,2246.11450195313
1044,1751.23,559.832,1.94,2426,Terminalversatz,2246.11450195313
1045,1765.88,583.514,1.94,2426,Terminalversatz,2246.11450195313
1046,1773.2,553.972,1.94,2426,Terminalversatz,2246.11450195313
1047,1763.44,567.888,1.94,2426,Terminalversatz,2246.11450195313
1048,1733.83,561.785,1.94,2426,Terminalversatz,2246.11450195313
1049,1714.0,581.561,1.94,2426,Terminalversatz,2246.11450195313
1050,1731.39,546.159,1.94,2426,Terminalversatz,2246.11450195313
1051,1741.16,561.785,1.94,2426,Terminalversatz,2246.11450195313
1052,1743.6,540.056,1.94,2426,Terminalversatz,2246.11450195313
1053,1741.16,581.561,1.94,2426,Terminalversatz,2246.11450195313
1054,1714.0,571.795,1.95,2426,Terminalversatz,2246.11450195313
1055,1681.95,548.112,1.95,2426,Terminalversatz,2246.11450195313
1056,1681.95,581.561,1.95,2426,Terminalversatz,2246.11450195313
1057,1714.0,567.888,1.95,2426,Terminalversatz,2246.11450195313
1058,1726.51,571.795,1.95,2426,Terminalversatz,2246.11450195313
1059,1738.72,550.066,1.95,2426,Terminalversatz,2246.11450195313
1060,1733.83,585.467,1.95,2426,Terminalversatz,2246.11450195313
1061,1714.0,569.842,1.95,2426,Terminalversatz,2246.11450195313
1062,1696.91,591.571,1.95,2426,Terminalversatz,2246.11450195313
1063,1724.07,550.066,1.95,2426,Terminalversatz,2246.11450195313
1064,1753.67,561.785,1.95,2426,Terminalversatz,2246.11450195313
1065,1770.76,585.467,1.95,2426,Terminalversatz,2246.11450195313
1066,1778.39,548.112,1.96,2426,Terminalversatz,2246.11450195313
1067,1768.32,565.935,1.96,2426,Terminalversatz,2246.11450195313
1068,1738.72,559.832,1.96,2426,Terminalversatz,2246.11450195313
1069,1718.88,575.701,1.96,2426,Terminalversatz,2246.11450195313
1070,1736.27,571.795,1.96,2426,Terminalversatz,2246.11450195313
1071,1746.04,561.785,1.96,2426,Terminalversatz,2246.11450195313
1072,1751.23,550.066,1.96,2426,Terminalversatz,2246.11450195313
1073,1743.6,561.785,1.96,2426,Terminalversatz,2246.11450195313
1074,1716.44,579.608,1.96,2426,Terminalversatz,2246.11450195313
1075,1681.95,553.972,1.96,2426,Terminalversatz,2246.11450195313
1076,1684.39,567.888,1.96,2426,Terminalversatz,2246.11450195313
1077,1718.88,573.748,1.96,2426,Terminalversatz,2246.11450195313
1078,1728.95,565.935,1.97,2426,Terminalversatz,2246.11450195313
1079,1736.27,553.972,1.97,2426,Terminalversatz,2246.11450195313
1080,1736.27,573.748,1.97,2426,Terminalversatz,2246.11450195313
1081,1716.44,569.842,1.97,2426,Terminalversatz,2246.11450195313
1082,1699.35,583.514,1.97,2426,Terminalversatz,2246.11450195313
1083,1726.51,571.795,1.97,2426,Terminalversatz,2246.11450195313
1084,1756.11,553.972,1.97,2426,Terminalversatz,2246.11450195313
1085,1770.76,577.654,1.97,2426,Terminalversatz,2246.11450195313
1086,1778.39,561.785,1.97,2426,Terminalversatz,2246.11450195313
1087,1765.88,559.832,1.97,2426,Terminalversatz,2246.11450195313
1088,1736.27,565.935,1.97,2426,Terminalversatz,2246.11450195313
1089,1718.88,577.654,1.97,2426,Terminalversatz,2246.11450195313
1090,1736.27,555.925,1.98,2426,Terminalversatz,2246.11450195313
1091,1743.6,561.785,1.98,2426,Terminalversatz,2246.11450195313
1092,1746.04,546.159,1.98,2426,Terminalversatz,2246.11450195313
1093,1741.16,569.842,1.98,2426,Terminalversatz,2246.11450195313
1094,1716.44,573.748,1.98,2426,Terminalversatz,2246.11450195313
1095,1679.51,552.019,1.98,2426,Terminalversatz,2246.11450195313
1096,1684.39,573.748,1.98,2426,Terminalversatz,2246.11450195313
1097,1716.44,569.842,1.98,2426,Terminalversatz,2246.11450195313
1098,1728.95,565.935,1.98,2426,Terminalversatz,2246.11450195313
1099,1736.27,550.066,1.98,2426,Terminalversatz,2246.11450195313
1100,1733.83,583.514,1.98,2426,Terminalversatz,2246.11450195313
1101,1714.0,567.888,1.99001,2426,Terminalversatz,2246.11450195313
1102,1699.35,587.42,1.99001,2426,Terminalversatz,2246.11450195313
1103,1726.51,561.785,1.99001,2426,Terminalversatz,2246.11450195313
1104,1756.11,557.878,1.99001,2426,Terminalversatz,2246.11450195313
1105,1768.32,581.561,1.99001,2426,Terminalversatz,2246.11450195313
1106,1778.39,557.878,1.99001,2426,Terminalversatz,2246.11450195313
1107,1765.88,563.738,1.99001,2426,Terminalversatz,2246.11450195313
1108,1736.27,563.738,1.99001,2426,Terminalversatz,2246.11450195313
1109,1716.44,579.608,1.99001,2426,Terminalversatz,2246.11450195313
1110,1736.27,546.159,1.99001,2426,Terminalversatz,2246.11450195313
1111,1746.04,561.785,1.99001,2426,Terminalversatz,2246.11450195313
1112,1748.79,542.009,1.99001,2426,Terminalversatz,2246.11450195313
1113,1743.6,577.654,2.0,2426,Terminalversatz,2246.11450195313
1114,1716.44,569.842,2.0,2426,Terminalversatz,2246.11450195313
1115,1681.95,546.159,2.0,2426,Terminalversatz,2246.11450195313
1116,1689.28,577.654,2.0,2426,Terminalversatz,2246.11450195313
1117,1716.44,569.842,2.0,2426,Terminalversatz,2246.11450195313
1118,1731.39,567.888,2.0,2426,Terminalversatz,2246.11450195313
1119,1741.16,548.112,2.0,2426,Terminalversatz,2246.11450195313
1120,1736.27,587.42,2.0,2426,Terminalversatz,2246.11450195313
1121,1716.44,569.842,2.0,2426,Terminalversatz,2246.11450195313
1122,1701.79,591.571,2.0,2426,Terminalversatz,2246.11450195313
1123,1731.39,553.972,2.0,2426,Terminalversatz,2246.11450195313
1124,1760.99,561.785,2.0,2426,Terminalversatz,2246.11450195313
1125,1773.2,583.514,2.01,2426,Terminalversatz,2246.11450195313
1126,1783.27,552.019,2.01,2426,Terminalversatz,2246.11450195313
1127,1770.76,563.738,2.01,2426,Terminalversatz,2246.11450195313
1128,1741.16,557.878,2.01,2426,Terminalversatz,2246.11450195313
1129,1721.63,583.514,2.01,2426,Terminalversatz,2246.11450195313
1130,1741.16,546.159,2.01,2426,Terminalversatz,2246.11450195313
1131,1748.79,563.738,2.01,2426,Terminalversatz,2246.11450195313
1132,1751.23,538.102,2.01,2426,Terminalversatz,2246.11450195313
1133,1746.04,585.467,2.01,2426,Terminalversatz,2246.11450195313
1134,1718.88,567.888,2.01,2426,Terminalversatz,2246.11450195313
1135,1686.83,548.112,2.01,2426,Terminalversatz,2246.11450195313
1136,1691.72,573.748,2.01,2426,Terminalversatz,2246.11450195313
1137,1724.07,569.842,2.02,2426,Terminalversatz,2246.11450195313
1138,1733.83,567.888,2.02,2426,Terminalversatz,2246.11450195313
1139,1743.6,548.112,2.02,2426,Terminalversatz,2246.11450195313
1140,1741.16,585.467,2.02,2426,Terminalversatz,2246.11450195313
1141,1721.63,567.888,2.02,2426,Terminalversatz,2246.11450195313
1142,1704.23,587.42,2.02,2426,Terminalversatz,2246.11450195313
1143,1733.83,561.785,2.02,2426,Terminalversatz,2246.11450195313
1144,1763.44,557.878,2.02,2426,Terminalversatz,2246.11450195313
1145,1775.95,581.561,2.02,2426,Terminalversatz,2246.11450195313
1146,1783.27,553.972,2.02,2426,Terminalversatz,2246.11450195313
1147,1770.76,563.738,2.02,2426,Terminalversatz,2246.11450195313
1148,1743.6,561.785,2.02,2426,Terminalversatz,2246.11450195313
1149,1724.07,583.514,2.03,2426,Terminalversatz,2246.11450195313
1150,1743.6,544.206,2.03,2426,Terminalversatz,2246.11450195313
1151,1753.67,559.832,2.03,2426,Terminalversatz,2246.11450195313
1152,1756.11,538.102,2.03,2426,Terminalversatz,2246.11450195313
1153,1748.79,579.608,2.03,2426,Terminalversatz,2246.11450195313
1154,1724.07,571.795,2.03,2426,Terminalversatz,2246.11450195313
1155,1689.28,546.159,2.03,2426,Terminalversatz,2246.11450195313
1156,1694.46,579.608,2.03,2426,Terminalversatz,2246.11450195313
1157,1726.51,567.888,2.03,2426,Terminalversatz,2246.11450195313
1158,1738.72,569.842,2.03,2426,Terminalversatz,2246.11450195313
1159,1746.04,548.112,2.03,2426,Terminalversatz,2246.11450195313
1160,1743.6,585.467,2.03,2426,Terminalversatz,2246.11450195313
1161,1724.07,567.888,2.04,2426,Terminalversatz,2246.11450195313
1162,1706.67,591.571,2.04,2426,Terminalversatz,2246.11450195313
1163,1738.72,550.066,2.04,2426,Terminalversatz,2246.11450195313
1164,1765.88,563.738,2.04,2426,Terminalversatz,2246.11450195313
1165,1780.83,585.467,2.04,2426,Terminalversatz,2246.11450195313
1166,1790.6,550.066,2.04,2426,Terminalversatz,2246.11450195313
1167,1773.2,563.738,2.04,2426,Terminalversatz,2246.11450195313
1168,1746.04,561.785,2.04,2426,Terminalversatz,2246.11450195313
1169,1726.51,571.795,2.04,2426,Terminalversatz,2246.11450195313
1170,1746.04,567.888,2.04,2426,Terminalversatz,2246.11450195313
1171,1753.67,561.785,2.04,2426,Terminalversatz,2246.11450195313
1172,1756.11,550.066,2.04,2426,Terminalversatz,2246.11450195313
1173,1748.79,561.785,2.05,2426,Terminalversatz,2246.11450195313
1174,1724.07,577.654,2.05,2426,Terminalversatz,2246.11450195313
1175,1691.72,555.925,2.05,2426,Terminalversatz,2246.11450195313
1176,1694.46,565.935,2.05,2426,Terminalversatz,2246.11450195313
1177,1726.51,571.795,2.05,2426,Terminalversatz,2246.11450195313
1178,1738.72,565.935,2.05,2426,Terminalversatz,2246.11450195313
1179,1746.04,552.019,2.05,2426,Terminalversatz,2246.11450195313
1180,1746.04,569.842,2.05,2426,Terminalversatz,2246.11450195313
1181,1724.07,567.888,2.05,2426,Terminalversatz,2246.11450195313
1182,1706.67,581.561,2.05,2426,Terminalversatz,2246.11450195313
1183,1738.72,569.842,2.05,2426,Terminalversatz,2246.11450195313
1184,1765.88,555.925,2.05,2426,Terminalversatz,2246.11450195313
1185,1780.83,577.654,2.06001,2426,Terminalversatz,2246.11450195313
1186,1788.16,561.785,2.06001,2426,Terminalversatz,2246.11450195313
1187,1773.2,559.832,2.06001,2426,Terminalversatz,2246.11450195313
1188,1748.79,565.935,2.06001,2426,Terminalversatz,2246.11450195313
1189,1731.39,577.654,2.06001,2426,Terminalversatz,2246.11450195313
1190,1746.04,555.925,2.06001,2426,Terminalversatz,2246.11450195313
1191,1758.55,561.785,2.06001,2426,Terminalversatz,2246.11450195313
1192,1756.11,544.206,2.06001,2426,Terminalversatz,2246.11450195313
1193,1753.67,567.888,2.06001,2426,Terminalversatz,2246.11450195313
1194,1724.07,571.795,2.06001,2426,Terminalversatz,2246.11450195313
1195,1689.28,548.112,2.06001,2426,Terminalversatz,2246.11450195313
1196,1696.91,571.795,2.06001,2426,Terminalversatz,2246.11450195313
1197,1731.39,569.842,2.07,2426,Terminalversatz,2246.11450195313
1198,1741.16,565.935,2.07,2426,Terminalversatz,2246.11450195313
1199,1751.23,548.112,2.07,2426,Terminalversatz,2246.11450195313
1200,1746.04,579.608,2.07,2426,Terminalversatz,2246.11450195313
1201,1726.51,567.888,2.07,2426,Terminalversatz,2246.11450195313
1202,1711.55,585.467,2.07,2426,Terminalversatz,2246.11450195313
1203,1738.72,563.738,2.07,2426,Terminalversatz,2246.11450195313
1204,1770.76,557.878,2.07,2426,Terminalversatz,2246.11450195313
1205,1785.71,581.561,2.07,2426,Terminalversatz,2246.11450195313
1206,1793.04,555.925,2.07,2426,Terminalversatz,2246.11450195313
1207,1778.39,561.785,2.07,2426,Terminalversatz,2246.11450195313
1208,1751.23,563.738,2.07,2426,Terminalversatz,2246.11450195313
1209,1731.39,579.608,2.07,2426,Terminalversatz,2246.11450195313
1210,1751.23,548.112,2.08,2426,Terminalversatz,2246.11450195313
1211,1760.99,559.832,2.08,2426,Terminalversatz,2246.11450195313
1212,1763.44,540.056,2.08,2426,Terminalversatz,2246.11450195313
1213,1756.11,577.654,2.08,2426,Terminalversatz,2246.11450195313
1214,1726.51,571.795,2.08,2426,Terminalversatz,2246.11450195313
1215,1694.46,546.159,2.08,2426,Terminalversatz,2246.11450195313
1216,1699.35,577.654,2.08,2426,Terminalversatz,2246.11450195313
1217,1728.95,569.842,2.08,2426,Terminalversatz,2246.11450195313
1218,1743.6,567.888,2.08,2426,Terminalversatz,2246.11450195313
1219,1751.23,546.159,2.08,2426,Terminalversatz,2246.11450195313
1220,1746.04,587.42,2.08,2426,Terminalversatz,2246.11450195313
1221,1728.95,567.888,2.08,2426,Terminalversatz,2246.11450195313
1222,1711.55,589.618,2.08,2426,Terminalversatz,2246.11450195313
1223,1743.6,553.972,2.09,2426,Terminalversatz,2246.11450195313
1224,1770.76,559.832,2.09,2426,Terminalversatz,2246.11450195313
1225,1785.71,583.514,2.09,2426,Terminalversatz,2246.11450195313
1226,1793.04,552.019,2.09,2426,Terminalversatz,2246.11450195313
1227,1775.95,561.785,2.09,2426,Terminalversatz,2246.11450195313
1228,1748.79,557.878,2.09,2426,Terminalversatz,2246.11450195313
1229,1731.39,581.561,2.09,2426,Terminalversatz,2246.11450195313
1230,1751.23,546.159,2.09,2426,Terminalversatz,2246.11450195313
1231,1758.55,561.785,2.09,2426,Terminalversatz,2246.11450195313
1232,1763.44,538.102,2.09,2426,Terminalversatz,2246.11450195313
1233,1753.67,585.467,2.09,2426,Terminalversatz,2246.11450195313
1234,1726.51,569.842,2.09,2426,Terminalversatz,2246.11450195313
1235,1694.46,555.925,2.09,2426,Terminalversatz,2246.11450195313
1236,1704.23,563.738,2.1,2426,Terminalversatz,2246.11450195313
1237,1733.83,575.701,2.1,2426,Terminalversatz,2246.11450195313
1238,1748.79,565.935,2.1,2426,Terminalversatz,2246.11450195313
1239,1753.67,552.019,2.1,2426,Terminalversatz,2246.11450195313
1240,1751.23,561.785,2.1,2426,Terminalversatz,2246.11450195313
1241,1731.39,569.842,2.1,2426,Terminalversatz,2246.11450195313
1242,1714.0,577.654,2.1,2426,Terminalversatz,2246.11450195313
1243,1746.04,571.795,2.1,2426,Terminalversatz,2246.11450195313
1244,1775.95,552.019,2.1,2426,Terminalversatz,2246.11450195313
1245,1788.16,577.654,2.1,2426,Terminalversatz,2246.11450195313
1246,1795.48,563.738,2.1,2426,Terminalversatz,2246.11450195313
1247,1783.27,557.878,2.1,2426,Terminalversatz,2246.11450195313
1248,1753.67,563.738,2.11,2426,Terminalversatz,2246.11450195313
1249,1741.16,577.654,2.11,2426,Terminalversatz,2246.11450195313
1250,1758.55,563.738,2.11,2426,Terminalversatz,2246.11450195313
1251,1770.76,559.832,2.11,2426,Terminalversatz,2246.11450195313
1252,1770.76,544.206,2.11,2426,Terminalversatz,2246.11450195313
1253,1763.44,565.935,2.11,2426,Terminalversatz,2246.11450195313
1254,1733.83,575.701,2.11,2426,Terminalversatz,2246.11450195313
1255,1701.79,550.066,2.11,2426,Terminalversatz,2246.11450195313
1256,1709.11,569.842,2.11,2426,Terminalversatz,2246.11450195313
1257,1741.16,571.795,2.11,2426,Terminalversatz,2246.11450195313
1258,1753.67,561.785,2.11,2426,Terminalversatz,2246.11450195313
1259,1763.44,550.066,2.11,2426,Terminalversatz,2246.11450195313
1260,1758.55,577.654,2.11,2426,Terminalversatz,2246.11450195313
1261,1736.27,563.738,2.12,2426,Terminalversatz,2246.11450195313
1262,1724.07,581.561,2.12,2426,Terminalversatz,2246.11450195313
1263,1753.67,565.935,2.12,2426,Terminalversatz,2246.11450195313
1264,1783.27,557.878,2.12,2426,Terminalversatz,2246.11450195313
1265,1797.92,579.608,2.12,2426,Terminalversatz,2246.11450195313
1266,1802.8,557.878,2.12,2426,Terminalversatz,2246.11450195313
1267,1785.71,561.785,2.12,2426,Terminalversatz,2246.11450195313
1268,1753.67,563.738,2.12,2426,Terminalversatz,2246.11450195313
1269,1741.16,579.608,2.12,2426,Terminalversatz,2246.11450195313
1270,1758.55,548.112,2.12,2426,Terminalversatz,2246.11450195313
1271,1765.88,559.832,2.12,2426,Terminalversatz,2246.11450195313
1272,1768.32,542.009,2.12,2426,Terminalversatz,2246.11450195313
1273,1760.99,571.795,2.13,2426,Terminalversatz,2246.11450195313
1274,1733.83,571.795,2.13,2426,Terminalversatz,2246.11450195313
1275,1701.79,548.112,2.13,2426,Terminalversatz,2246.11450195313
1276,1711.55,573.748,2.13,2426,Terminalversatz,2246.11450195313
1277,1741.16,569.842,2.13,2426,Terminalversatz,2246.11450195313
1278,1753.67,565.935,2.13,2426,Terminalversatz,2246.11450195313
1279,1763.44,546.159,2.13,2426,Terminalversatz,2246.11450195313
1280,1756.11,585.467,2.13,2426,Terminalversatz,2246.11450195313
1281,1733.83,563.738,2.13,2426,Terminalversatz,2246.11450195313
1282,1718.88,587.42,2.13,2426,Terminalversatz,2246.11450195313
1283,1756.11,555.925,2.13,2426,Terminalversatz,2246.11450195313
1284,1783.27,557.878,2.13,2426,Terminalversatz,2246.11450195313
1285,1797.92,581.561,2.13,2426,Terminalversatz,2246.11450195313
1286,1802.8,552.019,2.14,2426,Terminalversatz,2246.11450195313
1287,1788.16,561.785,2.14,2426,Terminalversatz,2246.11450195313
1288,1758.55,557.878,2.14,2426,Terminalversatz,2246.11450195313
1289,1743.6,579.608,2.14,2426,Terminalversatz,2246.11450195313
1290,1763.44,546.159,2.14,2426,Terminalversatz,2246.11450195313
1291,1770.76,561.785,2.14,2426,Terminalversatz,2246.11450195313
1292,1773.2,538.102,2.14,2426,Terminalversatz,2246.11450195313
1293,1765.88,581.561,2.14,2426,Terminalversatz,2246.11450195313
1294,1736.27,567.888,2.14,2426,Terminalversatz,2246.11450195313
1295,1701.79,546.159,2.14,2426,Terminalversatz,2246.11450195313
1296,1714.0,579.608,2.14,2426,Terminalversatz,2246.11450195313
1297,1743.6,565.935,2.14,2426,Terminalversatz,2246.11450195313
1298,1756.11,565.935,2.15,2426,Terminalversatz,2246.11450195313
1299,1763.44,546.159,2.15,2426,Terminalversatz,2246.11450195313
1300,1758.55,585.467,2.15,2426,Terminalversatz,2246.11450195313
1301,1738.72,565.935,2.15,2426,Terminalversatz,2246.11450195313
1302,1726.51,585.467,2.15,2426,Terminalversatz,2246.11450195313
1303,1758.55,563.738,2.15,2426,Terminalversatz,2246.11450195313
1304,1785.71,557.878,2.15,2426,Terminalversatz,2246.11450195313
1305,1800.36,579.608,2.15,2426,Terminalversatz,2246.11450195313
1306,1805.55,555.925,2.15,2426,Terminalversatz,2246.11450195313
1307,1790.6,559.832,2.15,2426,Terminalversatz,2246.11450195313
1308,1760.99,559.832,2.15,2426,Terminalversatz,2246.11450195313
1309,1746.04,577.654,2.15,2426,Terminalversatz,2246.11450195313
1310,1765.88,546.159,2.16,2426,Terminalversatz,2246.11450195313
1311,1773.2,559.832,2.16,2426,Terminalversatz,2246.11450195313
1312,1773.2,538.102,2.16,2426,Terminalversatz,2246.11450195313
1313,1765.88,571.795,2.16,2426,Terminalversatz,2246.11450195313
1314,1736.27,569.842,2.16,2426,Terminalversatz,2246.11450195313
1315,1706.67,544.206,2.16,2426,Terminalversatz,2246.11450195313
1316,1714.0,577.654,2.16,2426,Terminalversatz,2246.11450195313
1317,1746.04,567.888,2.16,2426,Terminalversatz,2246.11450195313
1318,1756.11,565.935,2.16,2426,Terminalversatz,2246.11450195313
1319,1763.44,546.159,2.16,2426,Terminalversatz,2246.11450195313
1320,1758.55,583.514,2.16,2426,Terminalversatz,2246.11450195313
1321,1738.72,565.935,2.16,2426,Terminalversatz,2246.11450195313
1322,1724.07,585.467,2.16,2426,Terminalversatz,2246.11450195313
1323,1756.11,552.019,2.17,2426,Terminalversatz,2246.11450195313
1324,1785.71,555.925,2.17,2426,Terminalversatz,2246.11450195313
1325,1797.92,581.561,2.17,2426,Terminalversatz,2246.11450195313
1326,1805.55,550.066,2.17,2426,Terminalversatz,2246.11450195313
1327,1790.6,561.785,2.17,2426,Terminalversatz,2246.11450195313
1328,1760.99,557.878,2.17,2426,Terminalversatz,2246.11450195313
1329,1746.04,579.608,2.17,2426,Terminalversatz,2246.11450195313
1330,1765.88,544.206,2.17,2426,Terminalversatz,2246.11450195313
1331,1773.2,559.832,2.17,2426,Terminalversatz,2246.11450195313
1332,1778.39,538.102,2.17,2426,Terminalversatz,2246.11450195313
1333,1770.76,585.467,2.17,2426,Terminalversatz,2246.11450195313
1334,1738.72,577.654,2.17,2426,Terminalversatz,2246.11450195313
1335,1706.67,553.972,2.18,2426,Terminalversatz,2246.11450195313
1336,1718.88,559.832,2.18,2426,Terminalversatz,2246.11450195313
1337,1748.79,573.748,2.18,2426,Terminalversatz,2246.11450195313
1338,1758.55,561.785,2.18,2426,Terminalversatz,2246.11450195313
1339,1768.32,550.066,2.18,2426,Terminalversatz,2246.11450195313
1340,1763.44,561.785,2.18,2426,Terminalversatz,2246.11450195313
1341,1738.72,569.842,2.18,2426,Terminalversatz,2246.11450195313
1342,1726.51,575.701,2.18,2426,Terminalversatz,2246.11450195313
1343,1760.99,571.795,2.18,2426,Terminalversatz,2246.11450195313
1344,1788.16,552.019,2.18,2426,Terminalversatz,2246.11450195313
1345,1802.8,573.748,2.18,2426,Terminalversatz,2246.11450195313
1346,1807.99,559.832,2.18,2426,Terminalversatz,2246.11450195313
1347,1793.04,555.925,2.19,2426,Terminalversatz,2246.11450195313
1348,1763.44,561.785,2.19,2426,Terminalversatz,2246.11450195313
1349,1748.79,575.701,2.19,2426,Terminalversatz,2246.11450195313
1350,1768.32,561.785,2.19,2426,Terminalversatz,2246.11450195313
1351,1773.2,557.878,2.19,2426,Terminalversatz,2246.11450195313
1352,1775.95,544.206,2.19,2426,Terminalversatz,2246.11450195313
1353,1768.32,561.785,2.19,2426,Terminalversatz,2246.11450195313
1354,1741.16,571.795,2.19,2426,Terminalversatz,2246.11450195313
1355,1709.11,546.159,2.19,2426,Terminalversatz,2246.11450195313
1356,1721.63,567.888,2.19,2426,Terminalversatz,2246.11450195313
1357,1751.23,567.888,2.19,2426,Terminalversatz,2246.11450195313
1358,1763.44,561.785,2.19,2426,Terminalversatz,2246.11450195313
1359,1773.2,546.159,2.2,2426,Terminalversatz,2246.11450195313
1360,1765.88,575.701,2.2,2426,Terminalversatz,2246.11450195313
1361,1743.6,563.738,2.2,2426,Terminalversatz,2246.11450195313
1362,1731.39,583.514,2.2,2426,Terminalversatz,2246.11450195313
1363,1765.88,561.785,2.2,2426,Terminalversatz,2246.11450195313
1364,1795.48,555.925,2.2,2426,Terminalversatz,2246.11450195313
1365,1805.55,579.608,2.2,2426,Terminalversatz,2246.11450195313
1366,1812.88,557.878,2.2,2426,Terminalversatz,2246.11450195313
1367,1793.04,557.878,2.2,2426,Terminalversatz,2246.11450195313
1368,1763.44,559.832,2.2,2426,Terminalversatz,2246.11450195313
1369,1751.23,577.654,2.2,2426,Terminalversatz,2246.11450195313
1370,1773.2,550.066,2.2,2426,Terminalversatz,2246.11450195313
1371,1778.39,557.878,2.2,2426,Terminalversatz,2246.11450195313
1372,1783.27,540.056,2.21,2426,Terminalversatz,2246.11450195313
1373,1770.76,571.795,2.21,2426,Terminalversatz,2246.11450195313
1374,1743.6,569.842,2.21,2426,Terminalversatz,2246.11450195313
1375,1711.55,546.159,2.21,2426,Terminalversatz,2246.11450195313
1376,1724.07,571.795,2.21,2426,Terminalversatz,2246.11450195313
1377,1753.67,565.935,2.21,2426,Terminalversatz,2246.11450195313
1378,1763.44,563.738,2.21,2426,Terminalversatz,2246.11450195313
1379,1770.76,546.159,2.21,2426,Terminalversatz,2246.11450195313
1380,1765.88,583.514,2.21,2426,Terminalversatz,2246.11450195313
1381,1746.04,565.935,2.21,2426,Terminalversatz,2246.11450195313
1382,1731.39,585.467,2.21,2426,Terminalversatz,2246.11450195313
1383,1768.32,555.925,2.21,2426,Terminalversatz,2246.11450195313
1384,1797.92,555.925,2.22,2426,Terminalversatz,2246.11450195313
1385,1807.99,579.608,2.22,2426,Terminalversatz,2246.11450195313
1386,1815.32,553.972,2.22,2426,Terminalversatz,2246.11450195313
1387,1795.48,561.785,2.22,2426,Terminalversatz,2246.11450195313
1388,1763.44,557.878,2.22,2426,Terminalversatz,2246.11450195313
1389,1753.67,579.608,2.22,2426,Terminalversatz,2246.11450195313
1390,1773.2,544.206,2.22,2426,Terminalversatz,2246.11450195313
1391,1780.83,559.832,2.22,2426,Terminalversatz,2246.11450195313
1392,1783.27,536.149,2.22,2426,Terminalversatz,2246.11450195313
1393,1770.76,579.608,2.22,2426,Terminalversatz,2246.11450195313
1394,1743.6,567.888,2.22,2426,Terminalversatz,2246.11450195313
1395,1709.11,544.206,2.22,2426,Terminalversatz,2246.11450195313
1396,1724.07,579.608,2.23,2426,Terminalversatz,2246.11450195313
1397,1753.67,565.935,2.23,2426,Terminalversatz,2246.11450195313
1398,1765.88,565.935,2.23,2426,Terminalversatz,2246.11450195313
1399,1773.2,548.112,2.23,2426,Terminalversatz,2246.11450195313
1400,1765.88,559.832,2.23,2426,Terminalversatz,2246.11450195313
1401,1743.6,567.888,2.23,2426,Terminalversatz,2246.11450195313
1402,1733.83,575.701,2.23,2426,Terminalversatz,2246.11450195313
1403,1770.76,571.795,2.23,2426,Terminalversatz,2246.11450195313
1404,1795.48,548.112,2.23,2426,Terminalversatz,2246.11450195313
1405,1810.43,573.748,2.23,2426,Terminalversatz,2246.11450195313
1406,1815.32,565.935,2.23,2426,Terminalversatz,2246.11450195313
1407,1802.8,555.925,2.23,2426,Terminalversatz,2246.11450195313
1408,1773.2,561.785,2.24001,2426,Terminalversatz,2246.11450195313
1409,1756.11,571.795,2.24001,2426,Terminalversatz,2246.11450195313
1410,1770.76,565.935,2.24001,2426,Terminalversatz,2246.11450195313
1411,1785.71,555.925,2.24001,2426,Terminalversatz,2246.11450195313
1412,1785.71,546.159,2.24001,2426,Terminalversatz,2246.11450195313
1413,1783.27,557.878,2.24001,2426,Terminalversatz,2246.11450195313
1414,1751.23,573.748,2.24001,2426,Terminalversatz,2246.11450195313
1415,1718.88,552.019,2.24001,2426,Terminalversatz,2246.11450195313
1416,1721.63,563.738,2.24001,2426,Terminalversatz,2246.11450195313
1417,1753.67,571.795,2.24001,2426,Terminalversatz,2246.11450195313
1418,1768.32,561.785,2.24001,2426,Terminalversatz,2246.11450195313
1419,1773.2,546.159,2.24001,2426,Terminalversatz,2246.11450195313
1420,1773.2,565.935,2.24001,2426,Terminalversatz,2246.11450195313
1421,1753.67,565.935,2.25,2426,Terminalversatz,2246.11450195313
1422,1733.83,583.514,2.25,2426,Terminalversatz,2246.11450195313
1423,1763.44,563.738,2.25,2426,Terminalversatz,2246.11450195313
1424,1795.48,552.019,2.25,2426,Terminalversatz,2246.11450195313
1425,1810.43,573.748,2.25,2426,Terminalversatz,2246.11450195313
1426,1820.2,559.832,2.25,2426,Terminalversatz,2246.11450195313
1427,1805.55,557.878,2.25,2426,Terminalversatz,2246.11450195313
1428,1775.95,561.785,2.25,2426,Terminalversatz,2246.11450195313
1429,1758.55,577.654,2.25,2426,Terminalversatz,2246.11450195313
1430,1775.95,555.925,2.25,2426,Terminalversatz,2246.11450195313
1431,1783.27,559.832,2.25,2426,Terminalversatz,2246.11450195313
1432,1785.71,540.056,2.25,2426,Terminalversatz,2246.11450195313
1433,1783.27,567.888,2.26,2426,Terminalversatz,2246.11450195313
1434,1751.23,569.842,2.26,2426,Terminalversatz,2246.11450195313
1435,1716.44,544.206,2.26,2426,Terminalversatz,2246.11450195313
1436,1721.63,569.842,2.26,2426,Terminalversatz,2246.11450195313
1437,1756.11,567.888,2.26,2426,Terminalversatz,2246.11450195313
1438,1770.76,563.738,2.26,2426,Terminalversatz,2246.11450195313
1439,1778.39,546.159,2.26,2426,Terminalversatz,2246.11450195313
1440,1775.95,581.561,2.26,2426,Terminalversatz,2246.11450195313
1441,1756.11,565.935,2.26,2426,Terminalversatz,2246.11450195313
1442,1738.72,585.467,2.26,2426,Terminalversatz,2246.11450195313
1443,1768.32,557.878,2.26,2426,Terminalversatz,2246.11450195313
1444,1800.36,555.925,2.26,2426,Terminalversatz,2246.11450195313
1445,1812.88,579.608,2.26,2426,Terminalversatz,2246.11450195313
1446,1820.2,552.019,2.27,2426,Terminalversatz,2246.11450195313
1447,1807.99,559.832,2.27,2426,Terminalversatz,2246.11450195313
1448,1778.39,559.832,2.27,2426,Terminalversatz,2246.11450195313
1449,1763.44,579.608,2.27,2426,Terminalversatz,2246.11450195313
1450,1778.39,544.206,2.27,2426,Terminalversatz,2246.11450195313
1451,1788.16,559.832,2.27,2426,Terminalversatz,2246.11450195313
1452,1793.04,536.149,2.27,2426,Terminalversatz,2246.11450195313
1453,1785.71,575.701,2.27,2426,Terminalversatz,2246.11450195313
1454,1758.55,569.842,2.27,2426,Terminalversatz,2246.11450195313
1455,1726.51,544.206,2.27,2426,Terminalversatz,2246.11450195313
1456,1731.39,575.701,2.27,2426,Terminalversatz,2246.11450195313
1457,1760.99,565.935,2.27,2426,Terminalversatz,2246.11450195313
1458,1773.2,563.738,2.28,2426,Terminalversatz,2246.11450195313
1459,1780.83,544.206,2.28,2426,Terminalversatz,2246.11450195313
1460,1778.39,583.514,2.28,2426,Terminalversatz,2246.11450195313
1461,1758.55,567.888,2.28,2426,Terminalversatz,2246.11450195313
1462,1738.72,587.42,2.28,2426,Terminalversatz,2246.11450195313
1463,1770.76,548.112,2.28,2426,Terminalversatz,2246.11450195313
1464,1805.55,557.878,2.28,2426,Terminalversatz,2246.11450195313
1465,1817.76,579.608,2.28,2426,Terminalversatz,2246.11450195313
1466,1827.52,557.878,2.28,2426,Terminalversatz,2246.11450195313
1467,1810.43,559.832,2.28,2426,Terminalversatz,2246.11450195313
1468,1780.83,559.832,2.28,2426,Terminalversatz,2246.11450195313
1469,1768.32,577.654,2.28,2426,Terminalversatz,2246.11450195313
1470,1780.83,548.112,2.28,2426,Terminalversatz,2246.11450195313
1471,1793.04,559.832,2.29,2426,Terminalversatz,2246.11450195313
1472,1793.04,538.102,2.29,2426,Terminalversatz,2246.11450195313
1473,1788.16,567.888,2.29,2426,Terminalversatz,2246.11450195313
1474,1758.55,567.888,2.29,2426,Terminalversatz,2246.11450195313
1475,1724.07,542.009,2.29,2426,Terminalversatz,2246.11450195313
1476,1731.39,569.842,2.29,2426,Terminalversatz,2246.11450195313
1477,1765.88,567.888,2.29,2426,Terminalversatz,2246.11450195313
1478,1780.83,563.738,2.29,2426,Terminalversatz,2246.11450195313
1479,1785.71,544.206,2.29,2426,Terminalversatz,2246.11450195313
1480,1783.27,581.561,2.29,2426,Terminalversatz,2246.11450195313
1481,1760.99,565.935,2.29,2426,Terminalversatz,2246.11450195313
1482,1746.04,583.514,2.29,2426,Terminalversatz,2246.11450195313
1483,1778.39,557.878,2.29,2426,Terminalversatz,2246.11450195313
1484,1805.55,555.925,2.3,2426,Terminalversatz,2246.11450195313
1485,1820.2,581.561,2.3,2426,Terminalversatz,2246.11450195313
1486,1827.52,552.019,2.3,2426,Terminalversatz,2246.11450195313
1487,1812.88,561.785,2.3,2426,Terminalversatz,2246.11450195313
1488,1785.71,557.878,2.3,2426,Terminalversatz,2246.11450195313
1489,1768.32,577.654,2.3,2426,Terminalversatz,2246.11450195313
1490,1783.27,542.009,2.3,2426,Terminalversatz,2246.11450195313
1491,1795.48,557.878,2.3,2426,Terminalversatz,2246.11450195313
1492,1797.92,534.196,2.3,2426,Terminalversatz,2246.11450195313
1493,1788.16,577.654,2.3,2426,Terminalversatz,2246.11450195313
1494,1760.99,565.935,2.3,2426,Terminalversatz,2246.11450195313
1495,1724.07,542.009,2.3,2426,Terminalversatz,2246.11450195313
1496,1731.39,575.701,2.31001,2426,Terminalversatz,2246.11450195313
1497,1765.88,563.738,2.31001,2426,Terminalversatz,2246.11450195313
1498,1778.39,565.935,2.31001,2426,Terminalversatz,2246.11450195313
1499,1785.71,550.066,2.31001,2426,Terminalversatz,2246.11450195313
1500,1780.83,557.878,2.31001,2426,Terminalversatz,2246.11450195313
1501,1763.44,565.935,2.31001,2426,Terminalversatz,2246.11450195313
1502,1746.04,571.795,2.31001,2426,Terminalversatz,2246.11450195313
1503,1775.95,571.795,2.31001,2426,Terminalversatz,2246.11450195313
1504,1810.43,544.206,2.31001,2426,Terminalversatz,2246.11450195313
1505,1822.64,569.842,2.31001,2426,Terminalversatz,2246.11450195313
1506,1829.97,563.738,2.31001,2426,Terminalversatz,2246.11450195313
1507,1817.76,553.972,2.31001,2426,Terminalversatz,2246.11450195313
1508,1785.71,561.785,2.32,2426,Terminalversatz,2246.11450195313
1509,1768.32,573.748,2.32,2426,Terminalversatz,2246.11450195313
1510,1785.71,567.888,2.32,2426,Terminalversatz,2246.11450195313
1511,1797.92,555.925,2.32,2426,Terminalversatz,2246.11450195313
1512,1800.36,544.206,2.32,2426,Terminalversatz,2246.11450195313
1513,1795.48,557.878,2.32,2426,Terminalversatz,2246.11450195313
1514,1765.88,573.748,2.32,2426,Terminalversatz,2246.11450195313
1515,1733.83,548.112,2.32,2426,Terminalversatz,2246.11450195313
1516,1741.16,563.738,2.32,2426,Terminalversatz,2246.11450195313
1517,1770.76,571.795,2.32,2426,Terminalversatz,2246.11450195313
1518,1783.27,561.785,2.32,2426,Terminalversatz,2246.11450195313
1519,1790.6,548.112,2.32,2426,Terminalversatz,2246.11450195313
1520,1788.16,565.935,2.33,2426,Terminalversatz,2246.11450195313
1521,1768.32,563.738,2.33,2426,Terminalversatz,2246.11450195313
1522,1751.23,577.654,2.33,2426,Terminalversatz,2246.11450195313
1523,1783.27,563.738,2.33,2426,Terminalversatz,2246.11450195313
1524,1815.32,552.019,2.33,2426,Terminalversatz,2246.11450195313
1525,1829.97,575.701,2.33,2426,Terminalversatz,2246.11450195313
1526,1835.15,557.878,2.33,2426,Terminalversatz,2246.11450195313
1527,1822.64,555.925,2.33,2426,Terminalversatz,2246.11450195313
1528,1790.6,559.832,2.33,2426,Terminalversatz,2246.11450195313
1529,1773.2,573.748,2.33,2426,Terminalversatz,2246.11450195313
1530,1795.48,552.019,2.33,2426,Terminalversatz,2246.11450195313
1531,1802.8,555.925,2.33,2426,Terminalversatz,2246.11450195313
1532,1807.99,538.102,2.34,2426,Terminalversatz,2246.11450195313
1533,1795.48,567.888,2.34,2426,Terminalversatz,2246.11450195313
1534,1768.32,571.795,2.34,2426,Terminalversatz,2246.11450195313
1535,1736.27,546.159,2.34,2426,Terminalversatz,2246.11450195313
1536,1743.6,569.842,2.34,2426,Terminalversatz,2246.11450195313
1537,1775.95,569.842,2.34,2426,Terminalversatz,2246.11450195313
1538,1785.71,559.832,2.34,2426,Terminalversatz,2246.11450195313
1539,1795.48,544.206,2.34,2426,Terminalversatz,2246.11450195313
1540,1793.04,577.654,2.34,2426,Terminalversatz,2246.11450195313
1541,1773.2,563.738,2.34,2426,Terminalversatz,2246.11450195313
1542,1753.67,583.514,2.34,2426,Terminalversatz,2246.11450195313
1543,1788.16,557.878,2.34,2426,Terminalversatz,2246.11450195313
1544,1815.32,553.972,2.35,2426,Terminalversatz,2246.11450195313
1545,1829.97,577.654,2.35,2426,Terminalversatz,2246.11450195313
1546,1835.15,553.972,2.35,2426,Terminalversatz,2246.11450195313
1547,1817.76,557.878,2.35,2426,Terminalversatz,2246.11450195313
1548,1790.6,557.878,2.35,2426,Terminalversatz,2246.11450195313
1549,1773.2,579.608,2.35,2426,Terminalversatz,2246.11450195313
1550,1793.04,542.009,2.35,2426,Terminalversatz,2246.11450195313
1551,1800.36,557.878,2.35,2426,Terminalversatz,2246.11450195313
1552,1805.55,536.149,2.35,2426,Terminalversatz,2246.11450195313
1553,1797.92,573.748,2.35,2426,Terminalversatz,2246.11450195313
1554,1768.32,567.888,2.35,2426,Terminalversatz,2246.11450195313
1555,1738.72,544.206,2.35,2426,Terminalversatz,2246.11450195313
1556,1743.6,571.795,2.36,2426,Terminalversatz,2246.11450195313
1557,1775.95,563.738,2.36,2426,Terminalversatz,2246.11450195313
1558,1793.04,563.738,2.36,2426,Terminalversatz,2246.11450195313
1559,1795.48,546.159,2.36,2426,Terminalversatz,2246.11450195313
1560,1793.04,583.514,2.36,2426,Terminalversatz,2246.11450195313
1561,1770.76,561.785,2.36,2426,Terminalversatz,2246.11450195313
1562,1753.67,587.42,2.36,2426,Terminalversatz,2246.11450195313
1563,1790.6,550.066,2.36,2426,Terminalversatz,2246.11450195313
1564,1817.76,555.925,2.36,2426,Terminalversatz,2246.11450195313
1565,1832.71,569.842,2.36,2426,Terminalversatz,2246.11450195313
1566,1840.04,563.738,2.36,2426,Terminalversatz,2246.11450195313
1567,1822.64,550.066,2.36,2426,Terminalversatz,2246.11450195313
1568,1795.48,561.785,2.37,2426,Terminalversatz,2246.11450195313
1569,1778.39,569.842,2.37,2426,Terminalversatz,2246.11450195313
1570,1800.36,565.935,2.37,2426,Terminalversatz,2246.11450195313
1571,1805.55,557.878,2.37,2426,Terminalversatz,2246.11450195313
1572,1807.99,550.066,2.37,2426,Terminalversatz,2246.11450195313
1573,1802.8,553.972,2.37,2426,Terminalversatz,2246.11450195313
1574,1773.2,573.748,2.37,2426,Terminalversatz,2246.11450195313
1575,1741.16,550.066,2.37,2426,Terminalversatz,2246.11450195313
1576,1746.04,557.878,2.37,2426,Terminalversatz,2246.11450195313
1577,1780.83,571.795,2.37,2426,Terminalversatz,2246.11450195313
1578,1793.04,559.832,2.37,2426,Terminalversatz,2246.11450195313
1579,1800.36,548.112,2.38,2426,Terminalversatz,2246.11450195313
1580,1795.48,559.832,2.38,2426,Terminalversatz,2246.11450195313
1581,1775.95,565.935,2.38,2426,Terminalversatz,2246.11450195313
1582,1760.99,575.701,2.38,2426,Terminalversatz,2246.11450195313
1583,1793.04,565.935,2.38,2426,Terminalversatz,2246.11450195313
1584,1822.64,548.112,2.38,2426,Terminalversatz,2246.11450195313
1585,1835.15,571.795,2.38,2426,Terminalversatz,2246.11450195313
1586,1842.48,561.785,2.38,2426,Terminalversatz,2246.11450195313
1587,1827.52,557.878,2.38,2426,Terminalversatz,2246.11450195313
1588,1795.48,561.785,2.38,2426,Terminalversatz,2246.11450195313
1589,1780.83,573.748,2.38,2426,Terminalversatz,2246.11450195313
1590,1802.8,559.832,2.38,2426,Terminalversatz,2246.11450195313
1591,1810.43,555.925,2.39,2426,Terminalversatz,2246.11450195313
1592,1815.32,536.149,2.39,2426,Terminalversatz,2246.11450195313
1593,1805.55,561.785,2.39,2426,Terminalversatz,2246.11450195313
1594,1775.95,571.795,2.39,2426,Terminalversatz,2246.11450195313
1595,1741.16,546.159,2.39,2426,Terminalversatz,2246.11450195313
1596,1756.11,563.738,2.39,2426,Terminalversatz,2246.11450195313
1597,1783.27,567.888,2.39,2426,Terminalversatz,2246.11450195313
1598,1795.48,559.832,2.39,2426,Terminalversatz,2246.11450195313
1599,1802.8,546.159,2.39,2426,Terminalversatz,2246.11450195313
1600,1797.92,573.748,2.39,2426,Terminalversatz,2246.11450195313
1601,1778.39,563.738,2.39,2426,Terminalversatz,2246.11450195313
1602,1760.99,581.561,2.39,2426,Terminalversatz,2246.11450195313
1603,1795.48,561.785,2.4,2426,Terminalversatz,2246.11450195313
1604,1827.52,552.019,2.4,2426,Terminalversatz,2246.11450195313
1605,1837.6,575.701,2.4,2426,Terminalversatz,2246.11450195313
1606,1842.48,553.972,2.4,2426,Terminalversatz,2246.11450195313
1607,1827.52,557.878,2.4,2426,Terminalversatz,2246.11450195313
1608,1797.92,557.878,2.4,2426,Terminalversatz,2246.11450195313
1609,1785.71,575.701,2.4,2426,Terminalversatz,2246.11450195313
1610,1802.8,546.159,2.4,2426,Terminalversatz,2246.11450195313
1611,1812.88,555.925,2.4,2426,Terminalversatz,2246.11450195313
1612,1812.88,536.149,2.4,2426,Terminalversatz,2246.11450195313
1613,1807.99,567.888,2.4,2426,Terminalversatz,2246.11450195313
1614,1775.95,565.935,2.41,2426,Terminalversatz,2246.11450195313
1615,1746.04,542.009,2.41,2426,Terminalversatz,2246.11450195313
1616,1753.67,569.842,2.41,2426,Terminalversatz,2246.11450195313
1617,1785.71,561.785,2.41,2426,Terminalversatz,2246.11450195313
1618,1800.36,561.785,2.41,2426,Terminalversatz,2246.11450195313
1619,1805.55,544.206,2.41,2426,Terminalversatz,2246.11450195313
1620,1800.36,581.561,2.41,2426,Terminalversatz,2246.11450195313
1621,1780.83,563.738,2.41,2426,Terminalversatz,2246.11450195313
1622,1765.88,585.467,2.41,2426,Terminalversatz,2246.11450195313
1623,1800.36,552.019,2.41,2426,Terminalversatz,2246.11450195313
1624,1829.97,553.972,2.41,2426,Terminalversatz,2246.11450195313
1625,1842.48,577.654,2.42,2426,Terminalversatz,2246.11450195313
1626,1849.8,546.159,2.42,2426,Terminalversatz,2246.11450195313
1627,1829.97,559.832,2.42,2426,Terminalversatz,2246.11450195313
1628,1802.8,555.925,2.42,2426,Terminalversatz,2246.11450195313
1629,1788.16,577.654,2.42,2426,Terminalversatz,2246.11450195313
1630,1807.99,540.056,2.42,2426,Terminalversatz,2246.11450195313
1631,1817.76,557.878,2.42,2426,Terminalversatz,2246.11450195313
1632,1820.2,540.056,2.42,2426,Terminalversatz,2246.11450195313
1633,1810.43,563.738,2.42,2426,Terminalversatz,2246.11450195313
1634,1778.39,567.888,2.42,2426,Terminalversatz,2246.11450195313
1635,1746.04,542.009,2.42,2426,Terminalversatz,2246.11450195313
1636,1758.55,565.935,2.42,2426,Terminalversatz,2246.11450195313
1637,1790.6,565.935,2.43,2426,Terminalversatz,2246.11450195313
1638,1805.55,561.785,2.43,2426,Terminalversatz,2246.11450195313
1639,1812.88,544.206,2.43,2426,Terminalversatz,2246.11450195313
1640,1807.99,575.701,2.43,2426,Terminalversatz,2246.11450195313
1641,1788.16,561.785,2.43,2426,Terminalversatz,2246.11450195313
1642,1770.76,581.561,2.43,2426,Terminalversatz,2246.11450195313
1643,1805.55,555.925,2.43,2426,Terminalversatz,2246.11450195313
1644,1832.71,552.019,2.43,2426,Terminalversatz,2246.11450195313
1645,1849.8,575.701,2.43,2426,Terminalversatz,2246.11450195313
1646,1854.69,553.972,2.43,2426,Terminalversatz,2246.11450195313
1647,1840.04,555.925,2.43,2426,Terminalversatz,2246.11450195313
1648,1810.43,555.925,2.44,2426,Terminalversatz,2246.11450195313
1649,1795.48,575.701,2.44,2426,Terminalversatz,2246.11450195313
1650,1812.88,540.056,2.44,2426,Terminalversatz,2246.11450195313
1651,1822.64,553.972,2.44,2426,Terminalversatz,2246.11450195313
1652,1827.52,536.149,2.44,2426,Terminalversatz,2246.11450195313
1653,1817.76,571.795,2.44,2426,Terminalversatz,2246.11450195313
1654,1788.16,565.935,2.44,2426,Terminalversatz,2246.11450195313
1655,1753.67,542.009,2.44,2426,Terminalversatz,2246.11450195313
1656,1765.88,571.795,2.44,2426,Terminalversatz,2246.11450195313
1657,1797.92,563.738,2.44,2426,Terminalversatz,2246.11450195313
1658,1810.43,561.785,2.44,2426,Terminalversatz,2246.11450195313
1659,1817.76,542.009,2.45,2426,Terminalversatz,2246.11450195313
1660,1810.43,583.514,2.45,2426,Terminalversatz,2246.11450195313
1661,1790.6,563.738,2.45,2426,Terminalversatz,2246.11450195313
1662,1775.95,585.467,2.45,2426,Terminalversatz,2246.11450195313
1663,1812.88,548.112,2.45,2426,Terminalversatz,2246.11450195313
1664,1837.6,542.009,2.45,2426,Terminalversatz,2246.11450195313
1665,1852.24,565.935,2.45,2426,Terminalversatz,2246.11450195313
1666,1857.13,565.935,2.45,2426,Terminalversatz,2246.11450195313
1667,1849.8,550.066,2.45,2426,Terminalversatz,2246.11450195313
1668,1822.64,559.832,2.45,2426,Terminalversatz,2246.11450195313
1669,1797.92,567.888,2.45,2426,Terminalversatz,2246.11450195313
1670,1807.99,565.935,2.46,2426,Terminalversatz,2246.11450195313
1671,1825.08,555.925,2.46,2426,Terminalversatz,2246.11450195313
1672,1829.97,546.159,2.46,2426,Terminalversatz,2246.11450195313
1673,1825.08,550.066,2.46,2426,Terminalversatz,2246.11450195313
1674,1800.36,573.748,2.46,2426,Terminalversatz,2246.11450195313
1675,1763.44,550.066,2.46,2426,Terminalversatz,2246.11450195313
1676,1756.11,557.878,2.46,2426,Terminalversatz,2246.11450195313
1677,1790.6,571.795,2.46,2426,Terminalversatz,2246.11450195313
1678,1807.99,557.878,2.46,2426,Terminalversatz,2246.11450195313
1679,1817.76,546.159,2.46,2426,Terminalversatz,2246.11450195313
1680,1817.76,559.832,2.46,2426,Terminalversatz,2246.11450195313
1681,1802.8,561.785,2.47,2426,Terminalversatz,2246.11450195313
1682,1778.39,575.701,2.47,2426,Terminalversatz,2246.11450195313
1683,1795.48,565.935,2.47,2426,Terminalversatz,2246.11450195313
1684,1835.15,546.159,2.47,2426,Terminalversatz,2246.11450195313
1685,1852.24,571.795,2.47,2426,Terminalversatz,2246.11450195313
1686,1862.32,559.832,2.47,2426,Terminalversatz,2246.11450195313
1687,1854.69,552.019,2.47,2426,Terminalversatz,2246.11450195313
1688,1827.52,557.878,2.47,2426,Terminalversatz,2246.11450195313
1689,1802.8,571.795,2.47,2426,Terminalversatz,2246.11450195313
1690,1817.76,557.878,2.47,2426,Terminalversatz,2246.11450195313
1691,1829.97,553.972,2.47,2426,Terminalversatz,2246.11450195313
1692,1835.15,540.056,2.48,2426,Terminalversatz,2246.11450195313
1693,1835.15,559.832,2.48,2426,Terminalversatz,2246.11450195313
1694,1810.43,569.842,2.48,2426,Terminalversatz,2246.11450195313
1695,1773.2,544.206,2.48,2426,Terminalversatz,2246.11450195313
1696,1763.44,563.738,2.48,2426,Terminalversatz,2246.11450195313
1697,1797.92,565.935,2.48,2426,Terminalversatz,2246.11450195313
1698,1817.76,557.878,2.48,2426,Terminalversatz,2246.11450195313
1699,1825.08,542.009,2.48,2426,Terminalversatz,2246.11450195313
1700,1827.52,571.795,2.48,2426,Terminalversatz,2246.11450195313
1701,1810.43,563.738,2.48,2426,Terminalversatz,2246.11450195313
1702,1788.16,579.608,2.48,2426,Terminalversatz,2246.11450195313
1703,1805.55,559.832,2.49001,2426,Terminalversatz,2246.11450195313
1704,1844.92,550.066,2.49001,2426,Terminalversatz,2246.11450195313
1705,1862.32,573.748,2.49001,2426,Terminalversatz,2246.11450195313
1706,1872.08,550.066,2.49001,2426,Terminalversatz,2246.11450195313
1707,1867.2,553.972,2.49001,2426,Terminalversatz,2246.11450195313
1708,1837.6,557.878,2.49001,2426,Terminalversatz,2246.11450195313
1709,1810.43,573.748,2.49001,2426,Terminalversatz,2246.11450195313
1710,1822.64,546.159,2.49001,2426,Terminalversatz,2246.11450195313
1711,1835.15,555.925,2.49001,2426,Terminalversatz,2246.11450195313
1712,1837.6,534.196,2.49001,2426,Terminalversatz,2246.11450195313
1713,1837.6,567.888,2.49001,2426,Terminalversatz,2246.11450195313
1714,1812.88,565.935,2.5,2426,Terminalversatz,2246.11450195313
1715,1778.39,542.009,2.5,2426,Terminalversatz,2246.11450195313
1716,1768.32,569.842,2.5,2426,Terminalversatz,2246.11450195313
1717,1802.8,561.785,2.5,2426,Terminalversatz,2246.11450195313
1718,1820.2,561.785,2.5,2426,Terminalversatz,2246.11450195313
1719,1825.08,542.009,2.5,2426,Terminalversatz,2246.11450195313
1720,1827.52,579.608,2.5,2426,Terminalversatz,2246.11450195313
1721,1810.43,561.785,2.5,2426,Terminalversatz,2246.11450195313
1722,1788.16,581.561,2.5,2426,Terminalversatz,2246.11450195313
1723,1807.99,552.019,2.5,2426,Terminalversatz,2246.11450195313
1724,1847.36,553.972,2.5,2426,Terminalversatz,2246.11450195313
1725,1867.2,579.608,2.51,2426,Terminalversatz,2246.11450195313
1726,1874.52,548.112,2.51,2426,Terminalversatz,2246.11450195313
1727,1867.2,559.832,2.51,2426,Terminalversatz,2246.11450195313
1728,1837.6,555.925,2.51,2426,Terminalversatz,2246.11450195313
1729,1815.32,575.701,2.51,2426,Terminalversatz,2246.11450195313
1730,1827.52,567.888,2.51,2426,Terminalversatz,2246.11450195313
1731,1842.48,553.972,2.51,2426,Terminalversatz,2246.11450195313
1732,1842.48,548.112,2.51,2426,Terminalversatz,2246.11450195313
1733,1842.48,546.159,2.51,2426,Terminalversatz,2246.11450195313
1734,1817.76,575.701,2.51,2426,Terminalversatz,2246.11450195313
1735,1780.83,550.066,2.51,2426,Terminalversatz,2246.11450195313
1736,1775.95,553.972,2.51,2426,Terminalversatz,2246.11450195313
1737,1810.43,571.795,2.52,2426,Terminalversatz,2246.11450195313
1738,1829.97,555.925,2.52,2426,Terminalversatz,2246.11450195313
1739,1837.6,546.159,2.52,2426,Terminalversatz,2246.11450195313
1740,1837.6,553.972,2.52,2426,Terminalversatz,2246.11450195313
1741,1820.2,563.738,2.52,2426,Terminalversatz,2246.11450195313
1742,1797.92,569.842,2.52,2426,Terminalversatz,2246.11450195313
1743,1820.2,569.842,2.52,2426,Terminalversatz,2246.11450195313
1744,1854.69,544.206,2.52,2426,Terminalversatz,2246.11450195313
1745,1874.52,569.842,2.52,2426,Terminalversatz,2246.11450195313
1746,1884.29,561.785,2.52,2426,Terminalversatz,2246.11450195313
1747,1874.52,550.066,2.52,2426,Terminalversatz,2246.11450195313
1748,1844.92,555.925,2.53,2426,Terminalversatz,2246.11450195313
1749,1822.64,569.842,2.53,2426,Terminalversatz,2246.11450195313
1750,1835.15,561.785,2.53,2426,Terminalversatz,2246.11450195313
1751,1849.8,553.972,2.53,2426,Terminalversatz,2246.11450195313
1752,1852.24,540.056,2.53,2426,Terminalversatz,2246.11450195313
1753,1847.36,553.972,2.53,2426,Terminalversatz,2246.11450195313
1754,1825.08,569.842,2.53,2426,Terminalversatz,2246.11450195313
1755,1788.16,544.206,2.53,2426,Terminalversatz,2246.11450195313
1756,1783.27,559.832,2.53,2426,Terminalversatz,2246.11450195313
1757,1817.76,565.935,2.53,2426,Terminalversatz,2246.11450195313
1758,1832.71,557.878,2.53,2426,Terminalversatz,2246.11450195313
1759,1842.48,544.206,2.54,2426,Terminalversatz,2246.11450195313
1760,1842.48,563.738,2.54,2426,Terminalversatz,2246.11450195313
1761,1827.52,559.832,2.54,2426,Terminalversatz,2246.11450195313
1762,1802.8,575.701,2.54,2426,Terminalversatz,2246.11450195313
1763,1822.64,561.785,2.54,2426,Terminalversatz,2246.11450195313
1764,1862.32,548.112,2.54,2426,Terminalversatz,2246.11450195313
1765,1881.85,571.795,2.54,2426,Terminalversatz,2246.11450195313
1766,1889.48,552.019,2.54,2426,Terminalversatz,2246.11450195313
1767,1884.29,552.019,2.54,2426,Terminalversatz,2246.11450195313
1768,1849.8,555.925,2.54,2426,Terminalversatz,2246.11450195313
1769,1827.52,571.795,2.54,2426,Terminalversatz,2246.11450195313
1770,1840.04,548.112,2.55,2426,Terminalversatz,2246.11450195313
1771,1854.69,555.925,2.55,2426,Terminalversatz,2246.11450195313
1772,1859.87,536.149,2.55,2426,Terminalversatz,2246.11450195313
1773,1857.13,563.738,2.55,2426,Terminalversatz,2246.11450195313
1774,1832.71,565.935,2.55,2426,Terminalversatz,2246.11450195313
1775,1797.92,542.009,2.55,2426,Terminalversatz,2246.11450195313
1776,1790.6,565.935,2.55,2426,Terminalversatz,2246.11450195313
1777,1827.52,563.738,2.55,2426,Terminalversatz,2246.11450195313
1778,1844.92,557.878,2.55,2426,Terminalversatz,2246.11450195313
1779,1852.24,540.056,2.55,2426,Terminalversatz,2246.11450195313
1780,1849.8,577.654,2.56001,2426,Terminalversatz,2246.11450195313
1781,1832.71,559.832,2.56001,2426,Terminalversatz,2246.11450195313
1782,1812.88,581.561,2.56001,2426,Terminalversatz,2246.11450195313
1783,1832.71,550.066,2.56001,2426,Terminalversatz,2246.11450195313
1784,1869.64,552.019,2.56001,2426,Terminalversatz,2246.11450195313
1785,1889.48,575.701,2.56001,2426,Terminalversatz,2246.11450195313
1786,1901.68,546.159,2.56001,2426,Terminalversatz,2246.11450195313
1787,1889.48,555.925,2.56001,2426,Terminalversatz,2246.11450195313
1788,1859.87,555.925,2.56001,2426,Terminalversatz,2246.11450195313
1789,1835.15,571.795,2.56001,2426,Terminalversatz,2246.11450195313
1790,1852.24,538.102,2.56001,2426,Terminalversatz,2246.11450195313
1791,1867.2,555.925,2.57,2426,Terminalversatz,2246.11450195313
1792,1869.64,530.29,2.57,2426,Terminalversatz,2246.11450195313
1793,1867.2,573.748,2.57,2426,Terminalversatz,2246.11450195313
1794,1837.6,563.738,2.57,2426,Terminalversatz,2246.11450195313
1795,1800.36,538.102,2.57,2426,Terminalversatz,2246.11450195313
1796,1795.48,571.795,2.57,2426,Terminalversatz,2246.11450195313
1797,1832.71,563.738,2.57,2426,Terminalversatz,2246.11450195313
1798,1852.24,557.878,2.57,2426,Terminalversatz,2246.11450195313
1799,1857.13,542.009,2.57,2426,Terminalversatz,2246.11450195313
1800,1857.13,567.888,2.58,2426,Terminalversatz,2246.11450195313
1801,1840.04,561.785,2.58,2426,Terminalversatz,2246.11450195313
1802,1815.32,577.654,2.58,2426,Terminalversatz,2246.11450195313
1803,1840.04,557.878,2.58,2426,Terminalversatz,2246.11450195313
1804,1879.41,546.159,2.58,2426,Terminalversatz,2246.11450195313
1805,1891.92,571.795,2.58,2426,Terminalversatz,2246.11450195313
1806,1904.13,552.019,2.58,2426,Terminalversatz,2246.11450195313
1807,1894.36,553.972,2.58,2426,Terminalversatz,2246.11450195313
1808,1864.76,555.925,2.58,2426,Terminalversatz,2246.11450195313
1809,1840.04,571.795,2.58,2426,Terminalversatz,2246.11450195313
1810,1857.13,542.009,2.59,2426,Terminalversatz,2246.11450195313
1811,1872.08,553.972,2.59,2426,Terminalversatz,2246.11450195313
1812,1874.52,532.243,2.59,2426,Terminalversatz,2246.11450195313
1813,1872.08,563.738,2.59,2426,Terminalversatz,2246.11450195313
1814,1844.92,565.935,2.59,2426,Terminalversatz,2246.11450195313
1815,1807.99,538.102,2.59,2426,Terminalversatz,2246.11450195313
1816,1807.99,567.888,2.59,2426,Terminalversatz,2246.11450195313
1817,1842.48,561.785,2.59,2426,Terminalversatz,2246.11450195313
1818,1859.87,557.878,2.59,2426,Terminalversatz,2246.11450195313
1819,1869.64,538.102,2.59,2426,Terminalversatz,2246.11450195313
1820,1864.76,579.608,2.6,2426,Terminalversatz,2246.11450195313
1821,1849.8,557.878,2.6,2426,Terminalversatz,2246.11450195313
1822,1825.08,579.608,2.6,2426,Terminalversatz,2246.11450195313
1823,1849.8,550.066,2.6,2426,Terminalversatz,2246.11450195313
1824,1889.48,552.019,2.6,2426,Terminalversatz,2246.11450195313
1825,1906.57,575.701,2.6,2426,Terminalversatz,2246.11450195313
1826,1914.2,544.206,2.6,2426,Terminalversatz,2246.11450195313
1827,1904.13,557.878,2.6,2426,Terminalversatz,2246.11450195313
1828,1872.08,553.972,2.6,2426,Terminalversatz,2246.11450195313
1829,1844.92,573.748,2.6,2426,Terminalversatz,2246.11450195313
1830,1864.76,563.738,2.61,2426,Terminalversatz,2246.11450195313
1831,1876.96,552.019,2.61,2426,Terminalversatz,2246.11450195313
1832,1881.85,544.206,2.61,2426,Terminalversatz,2246.11450195313
1833,1879.41,546.159,2.61,2426,Terminalversatz,2246.11450195313
1834,1852.24,573.748,2.61,2426,Terminalversatz,2246.11450195313
1835,1815.32,550.066,2.61,2426,Terminalversatz,2246.11450195313
1836,1810.43,552.019,2.61,2426,Terminalversatz,2246.11450195313
1837,1847.36,569.842,2.61,2426,Terminalversatz,2246.11450195313
1838,1859.87,553.972,2.61,2426,Terminalversatz,2246.11450195313
1839,1872.08,546.159,2.62,2426,Terminalversatz,2246.11450195313
1840,1869.64,552.019,2.62,2426,Terminalversatz,2246.11450195313
1841,1847.36,561.785,2.62,2426,Terminalversatz,2246.11450195313
1842,1825.08,571.795,2.62,2426,Terminalversatz,2246.11450195313
1843,1849.8,567.888,2.62,2426,Terminalversatz,2246.11450195313
1844,1889.48,540.056,2.62,2426,Terminalversatz,2246.11450195313
1845,1906.57,565.935,2.62,2426,Terminalversatz,2246.11450195313
1846,1916.64,557.878,2.62,2426,Terminalversatz,2246.11450195313
1847,1906.57,548.112,2.62,2426,Terminalversatz,2246.11450195313
1848,1874.52,553.972,2.63,2426,Terminalversatz,2246.11450195313
1849,1852.24,565.935,2.63,2426,Terminalversatz,2246.11450195313
1850,1869.64,559.832,2.63,2426,Terminalversatz,2246.11450195313
1851,1884.29,552.019,2.63,2426,Terminalversatz,2246.11450195313
1852,1887.04,538.102,2.63,2426,Terminalversatz,2246.11450195313
1853,1884.29,553.972,2.63,2426,Terminalversatz,2246.11450195313
1854,1857.13,565.935,2.63,2426,Terminalversatz,2246.11450195313
1855,1822.64,542.009,2.63,2426,Terminalversatz,2246.11450195313
1856,1817.76,557.878,2.63,2426,Terminalversatz,2246.11450195313
1857,1854.69,561.785,2.64,2426,Terminalversatz,2246.11450195313
1858,1869.64,553.972,2.64,2426,Terminalversatz,2246.11450195313
1859,1879.41,540.056,2.64,2426,Terminalversatz,2246.11450195313
1860,1879.41,559.832,2.64,2426,Terminalversatz,2246.11450195313
1861,1857.13,559.832,2.64,2426,Terminalversatz,2246.11450195313
1862,1837.6,575.701,2.64,2426,Terminalversatz,2246.11450195313
1863,1859.87,557.878,2.64,2426,Terminalversatz,2246.11450195313
1864,1901.68,546.159,2.64,2426,Terminalversatz,2246.11450195313
1865,1916.64,571.795,2.64,2426,Terminalversatz,2246.11450195313
1866,1928.85,550.066,2.65,2426,Terminalversatz,2246.11450195313
1867,1914.2,552.019,2.65,2426,Terminalversatz,2246.11450195313
1868,1884.29,555.925,2.65,2426,Terminalversatz,2246.11450195313
1869,1862.32,573.748,2.65,2426,Terminalversatz,2246.11450195313
1870,1879.41,546.159,2.65,2426,Terminalversatz,2246.11450195313
1871,1894.36,552.019,2.65,2426,Terminalversatz,2246.11450195313
1872,1899.24,534.196,2.65,2426,Terminalversatz,2246.11450195313
1873,1891.92,561.785,2.65,2426,Terminalversatz,2246.11450195313
1874,1864.76,565.935,2.65,2426,Terminalversatz,2246.11450195313
1875,1827.52,538.102,2.66,2426,Terminalversatz,2246.11450195313
1876,1825.08,561.785,2.66,2426,Terminalversatz,2246.11450195313
1877,1862.32,559.832,2.66,2426,Terminalversatz,2246.11450195313
1878,1876.96,557.878,2.66,2426,Terminalversatz,2246.11450195313
1879,1889.48,538.102,2.66,2426,Terminalversatz,2246.11450195313
1880,1887.04,571.795,2.66,2426,Terminalversatz,2246.11450195313
1881,1867.2,555.925,2.66,2426,Terminalversatz,2246.11450195313
1882,1844.92,579.608,2.66,2426,Terminalversatz,2246.11450195313
1883,1869.64,552.019,2.66,2426,Terminalversatz,2246.11450195313
1884,1909.01,548.112,2.67,2426,Terminalversatz,2246.11450195313
1885,1923.96,571.795,2.67,2426,Terminalversatz,2246.11450195313
1886,1933.73,546.159,2.67,2426,Terminalversatz,2246.11450195313
1887,1921.52,552.019,2.67,2426,Terminalversatz,2246.11450195313
1888,1889.48,550.066,2.67,2426,Terminalversatz,2246.11450195313
1889,1867.2,571.795,2.67,2426,Terminalversatz,2246.11450195313
1890,1884.29,536.149,2.67,2426,Terminalversatz,2246.11450195313
