T,P,F,D,Experiment_ID,Kategorie,Z
1,0.0,0.0,0.0,2477,Terminalversatz,2043.27770996094
2,0.0,500.748,0.0,2477,Terminalversatz,2043.27770996094
3,0.0,500.748,0.0,2477,Terminalversatz,2043.27770996094
4,0.0,500.748,0.0,2477,Terminalversatz,2043.27770996094
5,0.0,502.701,0.0,2477,Terminalversatz,2043.27770996094
6,0.0,504.654,0.0,2477,Terminalversatz,2043.27770996094
7,0.0,504.654,0.0,2477,Terminalversatz,2043.27770996094
8,0.0,472.915,0.00999451,2477,Terminalversatz,2043.27770996094
9,0.0,431.654,0.0199966,2477,Terminalversatz,2043.27770996094
10,24.3576,405.774,0.0400009,2477,Terminalversatz,2043.27770996094
11,61.5902,380.139,0.0699997,2477,Terminalversatz,2043.27770996094
12,93.6346,362.56,0.110001,2477,Terminalversatz,2043.27770996094
13,135.445,340.831,0.149994,2477,Terminalversatz,2043.27770996094
14,202.28,324.961,0.189995,2477,Terminalversatz,2043.27770996094
15,268.811,319.102,0.229996,2477,Terminalversatz,2043.27770996094
16,333.205,293.222,0.269997,2477,Terminalversatz,2043.27770996094
17,382.34,289.315,0.309998,2477,Terminalversatz,2043.27770996094
18,434.221,291.269,0.349998,2477,Terminalversatz,2043.27770996094
19,496.174,281.503,0.389999,2477,Terminalversatz,2043.27770996094
20,547.75,293.222,0.419998,2477,Terminalversatz,2043.27770996094
21,599.631,297.372,0.459999,2477,Terminalversatz,2043.27770996094
22,659.143,309.091,0.489998,2477,Terminalversatz,2043.27770996094
23,713.466,311.045,0.509995,2477,Terminalversatz,2043.27770996094
24,772.671,317.148,0.540001,2477,Terminalversatz,2043.27770996094
25,829.436,323.008,0.559998,2477,Terminalversatz,2043.27770996094
26,878.876,350.597,0.579994,2477,Terminalversatz,2043.27770996094
27,913.362,344.737,0.589996,2477,Terminalversatz,2043.27770996094
28,955.172,358.409,0.599998,2477,Terminalversatz,2043.27770996094
29,1019.57,380.139,0.610001,2477,Terminalversatz,2043.27770996094
30,1071.45,380.139,0.619995,2477,Terminalversatz,2043.27770996094
31,1113.26,378.185,0.629997,2477,Terminalversatz,2043.27770996094
32,1152.93,392.102,0.639999,2477,Terminalversatz,2043.27770996094
33,1182.54,401.868,0.639999,2477,Terminalversatz,2043.27770996094
34,1197.18,415.784,0.649994,2477,Terminalversatz,2043.27770996094
35,1239.3,413.831,0.649994,2477,Terminalversatz,2043.27770996094
36,1293.62,397.961,0.659996,2477,Terminalversatz,2043.27770996094
37,1328.11,417.737,0.669998,2477,Terminalversatz,2043.27770996094
38,1362.59,409.925,0.669998,2477,Terminalversatz,2043.27770996094
39,1382.43,405.774,0.68,2477,Terminalversatz,2043.27770996094
40,1389.76,415.784,0.689995,2477,Terminalversatz,2043.27770996094
41,1392.2,425.55,0.699997,2477,Terminalversatz,2043.27770996094
42,1426.99,415.784,0.699997,2477,Terminalversatz,2043.27770996094
43,1456.59,411.878,0.709999,2477,Terminalversatz,2043.27770996094
44,1478.87,419.691,0.719994,2477,Terminalversatz,2043.27770996094
45,1498.4,399.915,0.719994,2477,Terminalversatz,2043.27770996094
46,1495.96,445.326,0.729996,2477,Terminalversatz,2043.27770996094
47,1483.75,421.644,0.739998,2477,Terminalversatz,2043.27770996094
48,1491.08,409.925,0.75,2477,Terminalversatz,2043.27770996094
49,1535.63,447.279,0.759995,2477,Terminalversatz,2043.27770996094
50,1565.24,423.597,0.769997,2477,Terminalversatz,2043.27770996094
51,1587.52,421.644,0.769997,2477,Terminalversatz,2043.27770996094
52,1602.16,413.831,0.779999,2477,Terminalversatz,2043.27770996094
53,1607.05,435.56,0.790001,2477,Terminalversatz,2043.27770996094
54,1599.72,429.456,0.799995,2477,Terminalversatz,2043.27770996094
55,1629.33,451.186,0.809998,2477,Terminalversatz,2043.27770996094
56,1676.32,407.971,0.82,2477,Terminalversatz,2043.27770996094
57,1705.93,437.513,0.82,2477,Terminalversatz,2043.27770996094
58,1728.21,449.232,0.829994,2477,Terminalversatz,2043.27770996094
59,1733.09,421.644,0.839996,2477,Terminalversatz,2043.27770996094
60,1715.69,441.42,0.849998,2477,Terminalversatz,2043.27770996094
61,1701.04,449.232,0.849998,2477,Terminalversatz,2043.27770996094
62,1720.88,457.289,0.860001,2477,Terminalversatz,2043.27770996094
63,1742.85,439.467,0.869995,2477,Terminalversatz,2043.27770996094
64,1755.37,445.326,0.869995,2477,Terminalversatz,2043.27770996094
65,1757.81,439.467,0.879997,2477,Terminalversatz,2043.27770996094
66,1740.41,477.065,0.889999,2477,Terminalversatz,2043.27770996094
67,1713.25,453.383,0.889999,2477,Terminalversatz,2043.27770996094
68,1705.93,449.232,0.899994,2477,Terminalversatz,2043.27770996094
69,1748.04,479.019,0.899994,2477,Terminalversatz,2043.27770996094
70,1767.57,461.196,0.909996,2477,Terminalversatz,2043.27770996094
71,1780.09,453.383,0.919998,2477,Terminalversatz,2043.27770996094
72,1782.53,455.336,0.919998,2477,Terminalversatz,2043.27770996094
73,1772.46,475.112,0.93,2477,Terminalversatz,2043.27770996094
74,1752.93,475.112,0.93,2477,Terminalversatz,2043.27770996094
75,1775.2,484.878,0.939995,2477,Terminalversatz,2043.27770996094
76,1817.01,449.232,0.949997,2477,Terminalversatz,2043.27770996094
77,1836.85,472.915,0.949997,2477,Terminalversatz,2043.27770996094
78,1849.06,479.019,0.959999,2477,Terminalversatz,2043.27770996094
79,1844.18,461.196,0.959999,2477,Terminalversatz,2043.27770996094
80,1817.01,472.915,0.969994,2477,Terminalversatz,2043.27770996094
81,1792.29,484.878,0.979996,2477,Terminalversatz,2043.27770996094
82,1804.81,484.878,0.979996,2477,Terminalversatz,2043.27770996094
83,1824.34,472.915,0.989998,2477,Terminalversatz,2043.27770996094
84,1829.22,467.055,0.989998,2477,Terminalversatz,2043.27770996094
85,1829.22,470.962,1.0,2477,Terminalversatz,2043.27770996094
86,1804.81,498.795,1.0,2477,Terminalversatz,2043.27770996094
87,1767.57,475.112,1.00999,2477,Terminalversatz,2043.27770996094
88,1757.81,480.972,1.00999,2477,Terminalversatz,2043.27770996094
89,1794.74,498.795,1.02,2477,Terminalversatz,2043.27770996094
90,1814.57,484.878,1.02,2477,Terminalversatz,2043.27770996094
91,1824.34,472.915,1.03,2477,Terminalversatz,2043.27770996094
92,1821.9,480.972,1.03,2477,Terminalversatz,2043.27770996094
93,1809.69,492.691,1.04,2477,Terminalversatz,2043.27770996094
94,1784.97,508.56,1.04,2477,Terminalversatz,2043.27770996094
95,1804.81,500.748,1.05,2477,Terminalversatz,2043.27770996094
96,1846.62,479.019,1.05,2477,Terminalversatz,2043.27770996094
97,1861.57,504.654,1.06,2477,Terminalversatz,2043.27770996094
98,1873.78,494.644,1.06,2477,Terminalversatz,2043.27770996094
99,1861.57,486.831,1.07,2477,Terminalversatz,2043.27770996094
100,1831.97,492.691,1.07,2477,Terminalversatz,2043.27770996094
101,1807.25,508.56,1.07999,2477,Terminalversatz,2043.27770996094
102,1821.9,500.748,1.07999,2477,Terminalversatz,2043.27770996094
103,1836.85,490.738,1.07999,2477,Terminalversatz,2043.27770996094
104,1841.73,475.112,1.09,2477,Terminalversatz,2043.27770996094
105,1834.41,494.644,1.09,2477,Terminalversatz,2043.27770996094
106,1809.69,526.383,1.1,2477,Terminalversatz,2043.27770996094
107,1770.02,498.795,1.1,2477,Terminalversatz,2043.27770996094
108,1762.69,486.831,1.11,2477,Terminalversatz,2043.27770996094
109,1794.74,522.477,1.11,2477,Terminalversatz,2043.27770996094
110,1812.13,498.795,1.11,2477,Terminalversatz,2043.27770996094
111,1819.46,496.597,1.12,2477,Terminalversatz,2043.27770996094
112,1817.01,488.784,1.12,2477,Terminalversatz,2043.27770996094
113,1799.62,510.514,1.12,2477,Terminalversatz,2043.27770996094
114,1777.65,502.701,1.13,2477,Terminalversatz,2043.27770996094
115,1797.18,522.477,1.13,2477,Terminalversatz,2043.27770996094
116,1831.97,475.112,1.14,2477,Terminalversatz,2043.27770996094
117,1851.5,500.748,1.14,2477,Terminalversatz,2043.27770996094
118,1859.13,516.373,1.14,2477,Terminalversatz,2043.27770996094
119,1846.62,484.878,1.14999,2477,Terminalversatz,2043.27770996094
120,1821.9,504.654,1.14999,2477,Terminalversatz,2043.27770996094
121,1794.74,506.607,1.14999,2477,Terminalversatz,2043.27770996094
122,1809.69,516.373,1.16,2477,Terminalversatz,2043.27770996094
123,1824.34,494.644,1.16,2477,Terminalversatz,2043.27770996094
124,1829.22,500.748,1.16,2477,Terminalversatz,2043.27770996094
125,1821.9,490.738,1.16,2477,Terminalversatz,2043.27770996094
126,1799.62,532.243,1.17,2477,Terminalversatz,2043.27770996094
127,1760.25,506.607,1.17,2477,Terminalversatz,2043.27770996094
128,1752.93,500.748,1.17,2477,Terminalversatz,2043.27770996094
129,1784.97,530.29,1.18,2477,Terminalversatz,2043.27770996094
130,1802.06,510.514,1.18,2477,Terminalversatz,2043.27770996094
131,1809.69,504.654,1.18,2477,Terminalversatz,2043.27770996094
132,1807.25,500.748,1.18999,2477,Terminalversatz,2043.27770996094
133,1789.85,518.326,1.18999,2477,Terminalversatz,2043.27770996094
134,1767.57,516.373,1.18999,2477,Terminalversatz,2043.27770996094
135,1792.29,528.336,1.18999,2477,Terminalversatz,2043.27770996094
136,1826.78,490.738,1.2,2477,Terminalversatz,2043.27770996094
137,1841.73,518.326,1.2,2477,Terminalversatz,2043.27770996094
138,1851.5,520.524,1.2,2477,Terminalversatz,2043.27770996094
139,1841.73,498.795,1.21,2477,Terminalversatz,2043.27770996094
140,1812.13,512.467,1.21,2477,Terminalversatz,2043.27770996094
141,1787.41,520.524,1.21,2477,Terminalversatz,2043.27770996094
142,1799.62,522.477,1.21,2477,Terminalversatz,2043.27770996094
143,1814.57,510.514,1.21999,2477,Terminalversatz,2043.27770996094
144,1817.01,504.654,1.21999,2477,Terminalversatz,2043.27770996094
145,1809.69,502.701,1.21999,2477,Terminalversatz,2043.27770996094
146,1784.97,532.243,1.21999,2477,Terminalversatz,2043.27770996094
147,1750.48,510.514,1.23,2477,Terminalversatz,2043.27770996094
148,1740.41,510.514,1.23,2477,Terminalversatz,2043.27770996094
149,1772.46,528.336,1.23,2477,Terminalversatz,2043.27770996094
150,1789.85,516.373,1.23,2477,Terminalversatz,2043.27770996094
151,1794.74,502.701,1.24,2477,Terminalversatz,2043.27770996094
152,1792.29,512.467,1.24,2477,Terminalversatz,2043.27770996094
153,1777.65,522.477,1.24,2477,Terminalversatz,2043.27770996094
154,1755.37,530.29,1.24,2477,Terminalversatz,2043.27770996094
155,1762.69,530.29,1.25,2477,Terminalversatz,2043.27770996094
156,1804.81,504.654,1.25,2477,Terminalversatz,2043.27770996094
157,1819.46,528.336,1.25,2477,Terminalversatz,2043.27770996094
158,1829.22,520.524,1.25,2477,Terminalversatz,2043.27770996094
159,1821.9,512.467,1.25999,2477,Terminalversatz,2043.27770996094
160,1792.29,520.524,1.25999,2477,Terminalversatz,2043.27770996094
161,1767.57,534.196,1.25999,2477,Terminalversatz,2043.27770996094
162,1772.46,524.43,1.25999,2477,Terminalversatz,2043.27770996094
163,1787.41,518.326,1.25999,2477,Terminalversatz,2043.27770996094
164,1792.29,502.701,1.27,2477,Terminalversatz,2043.27770996094
165,1789.85,518.326,1.27,2477,Terminalversatz,2043.27770996094
166,1767.57,536.149,1.27,2477,Terminalversatz,2043.27770996094
167,1730.65,510.514,1.27,2477,Terminalversatz,2043.27770996094
168,1715.69,522.477,1.28,2477,Terminalversatz,2043.27770996094
169,1750.48,538.102,1.28,2477,Terminalversatz,2043.27770996094
170,1767.57,522.477,1.28,2477,Terminalversatz,2043.27770996094
171,1775.2,514.42,1.28,2477,Terminalversatz,2043.27770996094
172,1775.2,516.373,1.28,2477,Terminalversatz,2043.27770996094
173,1760.25,528.336,1.29,2477,Terminalversatz,2043.27770996094
174,1737.97,532.243,1.29,2477,Terminalversatz,2043.27770996094
175,1750.48,538.102,1.29,2477,Terminalversatz,2043.27770996094
176,1787.41,506.607,1.29,2477,Terminalversatz,2043.27770996094
177,1807.25,530.29,1.29,2477,Terminalversatz,2043.27770996094
178,1814.57,530.29,1.3,2477,Terminalversatz,2043.27770996094
179,1807.25,514.42,1.3,2477,Terminalversatz,2043.27770996094
180,1782.53,526.383,1.3,2477,Terminalversatz,2043.27770996094
181,1755.37,538.102,1.3,2477,Terminalversatz,2043.27770996094
182,1765.13,536.149,1.3,2477,Terminalversatz,2043.27770996094
183,1780.09,520.524,1.31,2477,Terminalversatz,2043.27770996094
184,1787.41,512.467,1.31,2477,Terminalversatz,2043.27770996094
185,1780.09,518.326,1.31,2477,Terminalversatz,2043.27770996094
186,1757.81,542.009,1.31,2477,Terminalversatz,2043.27770996094
187,1723.32,518.326,1.31,2477,Terminalversatz,2043.27770996094
188,1708.37,524.43,1.31,2477,Terminalversatz,2043.27770996094
189,1740.41,538.102,1.32,2477,Terminalversatz,2043.27770996094
190,1757.81,526.383,1.32,2477,Terminalversatz,2043.27770996094
191,1762.69,514.42,1.32,2477,Terminalversatz,2043.27770996094
192,1765.13,524.43,1.32,2477,Terminalversatz,2043.27770996094
193,1750.48,534.196,1.32,2477,Terminalversatz,2043.27770996094
194,1725.76,546.159,1.32,2477,Terminalversatz,2043.27770996094
195,1737.97,540.056,1.32,2477,Terminalversatz,2043.27770996094
196,1775.2,518.326,1.32999,2477,Terminalversatz,2043.27770996094
197,1792.29,542.009,1.32999,2477,Terminalversatz,2043.27770996094
198,1797.18,530.29,1.32999,2477,Terminalversatz,2043.27770996094
199,1792.29,522.477,1.32999,2477,Terminalversatz,2043.27770996094
200,1765.13,530.29,1.32999,2477,Terminalversatz,2043.27770996094
201,1740.41,528.336,1.32999,2477,Terminalversatz,2043.27770996094
202,1748.04,544.206,1.34,2477,Terminalversatz,2043.27770996094
203,1757.81,522.477,1.34,2477,Terminalversatz,2043.27770996094
204,1762.69,534.196,1.34,2477,Terminalversatz,2043.27770996094
205,1760.25,514.42,1.34,2477,Terminalversatz,2043.27770996094
206,1737.97,561.785,1.34,2477,Terminalversatz,2043.27770996094
207,1701.04,534.196,1.34,2477,Terminalversatz,2043.27770996094
208,1688.53,522.477,1.34,2477,Terminalversatz,2043.27770996094
209,1718.13,557.878,1.35,2477,Terminalversatz,2043.27770996094
210,1733.09,532.243,1.35,2477,Terminalversatz,2043.27770996094
211,1742.85,534.196,1.35,2477,Terminalversatz,2043.27770996094
212,1740.41,526.383,1.35,2477,Terminalversatz,2043.27770996094
213,1728.21,544.206,1.35,2477,Terminalversatz,2043.27770996094
214,1703.49,538.102,1.35,2477,Terminalversatz,2043.27770996094
215,1715.69,555.925,1.35,2477,Terminalversatz,2043.27770996094
216,1752.93,512.467,1.35,2477,Terminalversatz,2043.27770996094
217,1767.57,536.149,1.36,2477,Terminalversatz,2043.27770996094
218,1775.2,546.159,1.36,2477,Terminalversatz,2043.27770996094
219,1770.02,518.326,1.36,2477,Terminalversatz,2043.27770996094
220,1742.85,536.149,1.36,2477,Terminalversatz,2043.27770996094
221,1718.13,540.056,1.36,2477,Terminalversatz,2043.27770996094
222,1728.21,548.112,1.36,2477,Terminalversatz,2043.27770996094
223,1742.85,530.29,1.36,2477,Terminalversatz,2043.27770996094
224,1745.3,532.243,1.37,2477,Terminalversatz,2043.27770996094
225,1742.85,522.477,1.37,2477,Terminalversatz,2043.27770996094
226,1720.88,561.785,1.37,2477,Terminalversatz,2043.27770996094
227,1686.09,536.149,1.37,2477,Terminalversatz,2043.27770996094
228,1673.88,530.29,1.37,2477,Terminalversatz,2043.27770996094
229,1703.49,559.832,1.37,2477,Terminalversatz,2043.27770996094
230,1718.13,540.056,1.37,2477,Terminalversatz,2043.27770996094
231,1723.32,532.243,1.37,2477,Terminalversatz,2043.27770996094
232,1725.76,532.243,1.38,2477,Terminalversatz,2043.27770996094
233,1708.37,548.112,1.38,2477,Terminalversatz,2043.27770996094
234,1690.97,550.066,1.38,2477,Terminalversatz,2043.27770996094
235,1705.93,555.925,1.38,2477,Terminalversatz,2043.27770996094
236,1740.41,522.477,1.38,2477,Terminalversatz,2043.27770996094
237,1757.81,546.159,1.38,2477,Terminalversatz,2043.27770996094
238,1767.57,548.112,1.38,2477,Terminalversatz,2043.27770996094
239,1760.25,530.29,1.38,2477,Terminalversatz,2043.27770996094
240,1733.09,542.009,1.39,2477,Terminalversatz,2043.27770996094
241,1710.81,552.019,1.39,2477,Terminalversatz,2043.27770996094
242,1718.13,552.019,1.39,2477,Terminalversatz,2043.27770996094
243,1730.65,540.056,1.39,2477,Terminalversatz,2043.27770996094
244,1735.53,532.243,1.39,2477,Terminalversatz,2043.27770996094
245,1730.65,534.196,1.39,2477,Terminalversatz,2043.27770996094
246,1708.37,561.785,1.39,2477,Terminalversatz,2043.27770996094
247,1673.88,538.102,1.39,2477,Terminalversatz,2043.27770996094
248,1663.81,544.206,1.39999,2477,Terminalversatz,2043.27770996094
249,1696.16,561.785,1.39999,2477,Terminalversatz,2043.27770996094
250,1710.81,546.159,1.39999,2477,Terminalversatz,2043.27770996094
251,1718.13,532.243,1.39999,2477,Terminalversatz,2043.27770996094
252,1718.13,542.009,1.39999,2477,Terminalversatz,2043.27770996094
253,1703.49,552.019,1.39999,2477,Terminalversatz,2043.27770996094
254,1681.21,563.738,1.39999,2477,Terminalversatz,2043.27770996094
255,1698.6,557.878,1.39999,2477,Terminalversatz,2043.27770996094
256,1733.09,532.243,1.39999,2477,Terminalversatz,2043.27770996094
257,1750.48,557.878,1.41,2477,Terminalversatz,2043.27770996094
258,1757.81,548.112,1.41,2477,Terminalversatz,2043.27770996094
259,1750.48,542.009,1.41,2477,Terminalversatz,2043.27770996094
260,1725.76,548.112,1.41,2477,Terminalversatz,2043.27770996094
261,1703.49,563.738,1.41,2477,Terminalversatz,2043.27770996094
262,1710.81,553.972,1.41,2477,Terminalversatz,2043.27770996094
263,1728.21,546.159,1.41,2477,Terminalversatz,2043.27770996094
264,1730.65,548.112,1.41,2477,Terminalversatz,2043.27770996094
265,1725.76,532.243,1.41,2477,Terminalversatz,2043.27770996094
266,1701.04,579.608,1.42,2477,Terminalversatz,2043.27770996094
267,1671.44,553.972,1.42,2477,Terminalversatz,2043.27770996094
268,1661.37,540.056,1.42,2477,Terminalversatz,2043.27770996094
269,1690.97,575.701,1.42,2477,Terminalversatz,2043.27770996094
270,1703.49,552.019,1.42,2477,Terminalversatz,2043.27770996094
271,1713.25,550.066,1.42,2477,Terminalversatz,2043.27770996094
272,1713.25,542.009,1.42,2477,Terminalversatz,2043.27770996094
273,1698.6,565.935,1.42,2477,Terminalversatz,2043.27770996094
274,1676.32,553.972,1.42,2477,Terminalversatz,2043.27770996094
275,1693.72,577.654,1.43,2477,Terminalversatz,2043.27770996094
276,1725.76,530.29,1.43,2477,Terminalversatz,2043.27770996094
277,1745.3,552.019,1.43,2477,Terminalversatz,2043.27770996094
278,1752.93,565.935,1.43,2477,Terminalversatz,2043.27770996094
279,1745.3,534.196,1.43,2477,Terminalversatz,2043.27770996094
280,1718.13,555.925,1.43,2477,Terminalversatz,2043.27770996094
281,1696.16,555.925,1.43,2477,Terminalversatz,2043.27770996094
282,1705.93,565.935,1.43,2477,Terminalversatz,2043.27770996094
283,1718.13,550.066,1.43,2477,Terminalversatz,2043.27770996094
284,1720.88,553.972,1.43999,2477,Terminalversatz,2043.27770996094
285,1718.13,538.102,1.43999,2477,Terminalversatz,2043.27770996094
286,1696.16,579.608,1.43999,2477,Terminalversatz,2043.27770996094
287,1663.81,555.925,1.43999,2477,Terminalversatz,2043.27770996094
288,1654.05,552.019,1.43999,2477,Terminalversatz,2043.27770996094
289,1686.09,579.608,1.43999,2477,Terminalversatz,2043.27770996094
290,1701.04,555.925,1.43999,2477,Terminalversatz,2043.27770996094
291,1705.93,553.972,1.43999,2477,Terminalversatz,2043.27770996094
292,1705.93,548.112,1.43999,2477,Terminalversatz,2043.27770996094
293,1693.72,563.738,1.45,2477,Terminalversatz,2043.27770996094
294,1673.88,565.935,1.45,2477,Terminalversatz,2043.27770996094
295,1690.97,575.701,1.45,2477,Terminalversatz,2043.27770996094
296,1725.76,538.102,1.45,2477,Terminalversatz,2043.27770996094
297,1742.85,563.738,1.45,2477,Terminalversatz,2043.27770996094
298,1752.93,567.888,1.45,2477,Terminalversatz,2043.27770996094
299,1742.85,548.112,1.45,2477,Terminalversatz,2043.27770996094
300,1718.13,561.785,1.45,2477,Terminalversatz,2043.27770996094
301,1693.72,565.935,1.45,2477,Terminalversatz,2043.27770996094
302,1705.93,569.842,1.46,2477,Terminalversatz,2043.27770996094
303,1718.13,553.972,1.46,2477,Terminalversatz,2043.27770996094
304,1718.13,552.019,1.46,2477,Terminalversatz,2043.27770996094
305,1715.69,546.159,1.46,2477,Terminalversatz,2043.27770996094
306,1696.16,579.608,1.46,2477,Terminalversatz,2043.27770996094
307,1663.81,555.925,1.46,2477,Terminalversatz,2043.27770996094
308,1656.49,555.925,1.46,2477,Terminalversatz,2043.27770996094
309,1683.65,577.654,1.46,2477,Terminalversatz,2043.27770996094
310,1703.49,561.785,1.46,2477,Terminalversatz,2043.27770996094
311,1708.37,552.019,1.46,2477,Terminalversatz,2043.27770996094
312,1708.37,557.878,1.46999,2477,Terminalversatz,2043.27770996094
313,1688.53,565.935,1.46999,2477,Terminalversatz,2043.27770996094
314,1673.88,575.701,1.46999,2477,Terminalversatz,2043.27770996094
315,1690.97,573.748,1.46999,2477,Terminalversatz,2043.27770996094
316,1725.76,550.066,1.46999,2477,Terminalversatz,2043.27770996094
317,1740.41,571.795,1.46999,2477,Terminalversatz,2043.27770996094
318,1748.04,567.888,1.46999,2477,Terminalversatz,2043.27770996094
319,1740.41,555.925,1.46999,2477,Terminalversatz,2043.27770996094
320,1713.25,563.738,1.46999,2477,Terminalversatz,2043.27770996094
321,1690.97,575.701,1.46999,2477,Terminalversatz,2043.27770996094
322,1703.49,567.888,1.46999,2477,Terminalversatz,2043.27770996094
323,1713.25,559.832,1.48,2477,Terminalversatz,2043.27770996094
324,1715.69,548.112,1.48,2477,Terminalversatz,2043.27770996094
325,1713.25,559.832,1.48,2477,Terminalversatz,2043.27770996094
326,1693.72,577.654,1.48,2477,Terminalversatz,2043.27770996094
327,1658.93,561.785,1.48,2477,Terminalversatz,2043.27770996094
328,1654.05,557.878,1.48,2477,Terminalversatz,2043.27770996094
329,1681.21,581.561,1.48,2477,Terminalversatz,2043.27770996094
330,1696.16,563.738,1.48,2477,Terminalversatz,2043.27770996094
331,1703.49,555.925,1.48,2477,Terminalversatz,2043.27770996094
332,1701.04,555.925,1.48,2477,Terminalversatz,2043.27770996094
333,1683.65,571.795,1.49,2477,Terminalversatz,2043.27770996094
334,1666.56,571.795,1.49,2477,Terminalversatz,2043.27770996094
335,1688.53,579.608,1.49,2477,Terminalversatz,2043.27770996094
336,1720.88,550.066,1.49,2477,Terminalversatz,2043.27770996094
337,1735.53,571.795,1.49,2477,Terminalversatz,2043.27770996094
338,1742.85,569.842,1.49,2477,Terminalversatz,2043.27770996094
339,1740.41,555.925,1.49,2477,Terminalversatz,2043.27770996094
340,1723.32,565.935,1.49,2477,Terminalversatz,2043.27770996094
341,1696.16,573.748,1.49,2477,Terminalversatz,2043.27770996094
342,1696.16,573.748,1.49,2477,Terminalversatz,2043.27770996094
343,1710.81,559.832,1.5,2477,Terminalversatz,2043.27770996094
344,1713.25,553.972,1.5,2477,Terminalversatz,2043.27770996094
345,1713.25,557.878,1.5,2477,Terminalversatz,2043.27770996094
346,1698.6,579.608,1.5,2477,Terminalversatz,2043.27770996094
347,1669.0,557.878,1.5,2477,Terminalversatz,2043.27770996094
348,1644.28,565.935,1.5,2477,Terminalversatz,2043.27770996094
349,1671.44,577.654,1.5,2477,Terminalversatz,2043.27770996094
350,1688.53,567.888,1.5,2477,Terminalversatz,2043.27770996094
351,1698.6,550.066,1.5,2477,Terminalversatz,2043.27770996094
352,1703.49,561.785,1.5,2477,Terminalversatz,2043.27770996094
353,1690.97,571.795,1.5,2477,Terminalversatz,2043.27770996094
354,1671.44,581.561,1.50999,2477,Terminalversatz,2043.27770996094
355,1671.44,575.701,1.50999,2477,Terminalversatz,2043.27770996094
356,1705.93,553.972,1.50999,2477,Terminalversatz,2043.27770996094
357,1725.76,577.654,1.50999,2477,Terminalversatz,2043.27770996094
358,1737.97,581.561,1.50999,2477,Terminalversatz,2043.27770996094
359,1735.53,544.206,1.50999,2477,Terminalversatz,2043.27770996094
360,1715.69,567.888,1.50999,2477,Terminalversatz,2043.27770996094
361,1690.97,563.738,1.50999,2477,Terminalversatz,2043.27770996094
362,1688.53,579.608,1.50999,2477,Terminalversatz,2043.27770996094
363,1705.93,557.878,1.50999,2477,Terminalversatz,2043.27770996094
364,1710.81,563.738,1.50999,2477,Terminalversatz,2043.27770996094
365,1710.81,544.206,1.52,2477,Terminalversatz,2043.27770996094
366,1696.16,593.524,1.52,2477,Terminalversatz,2043.27770996094
367,1666.56,569.842,1.52,2477,Terminalversatz,2043.27770996094
368,1644.28,557.878,1.52,2477,Terminalversatz,2043.27770996094
369,1666.56,591.571,1.52,2477,Terminalversatz,2043.27770996094
370,1688.53,565.935,1.52,2477,Terminalversatz,2043.27770996094
371,1696.16,565.935,1.52,2477,Terminalversatz,2043.27770996094
372,1701.04,557.878,1.52,2477,Terminalversatz,2043.27770996094
373,1690.97,579.608,1.52,2477,Terminalversatz,2043.27770996094
374,1666.56,569.842,1.52,2477,Terminalversatz,2043.27770996094
375,1669.0,587.42,1.52,2477,Terminalversatz,2043.27770996094
376,1705.93,544.206,1.52,2477,Terminalversatz,2043.27770996094
377,1723.32,565.935,1.53,2477,Terminalversatz,2043.27770996094
378,1737.97,579.608,1.53,2477,Terminalversatz,2043.27770996094
379,1737.97,548.112,1.53,2477,Terminalversatz,2043.27770996094
380,1713.25,569.842,1.53,2477,Terminalversatz,2043.27770996094
381,1688.53,569.842,1.53,2477,Terminalversatz,2043.27770996094
382,1690.97,577.654,1.53,2477,Terminalversatz,2043.27770996094
383,1708.37,561.785,1.53,2477,Terminalversatz,2043.27770996094
384,1708.37,561.785,1.53,2477,Terminalversatz,2043.27770996094
385,1710.81,552.019,1.53,2477,Terminalversatz,2043.27770996094
386,1698.6,589.618,1.53,2477,Terminalversatz,2043.27770996094
387,1663.81,565.935,1.53,2477,Terminalversatz,2043.27770996094
388,1644.28,559.832,1.54,2477,Terminalversatz,2043.27770996094
389,1666.56,585.467,1.54,2477,Terminalversatz,2043.27770996094
390,1688.53,567.888,1.54,2477,Terminalversatz,2043.27770996094
391,1698.6,561.785,1.54,2477,Terminalversatz,2043.27770996094
392,1701.04,559.832,1.54,2477,Terminalversatz,2043.27770996094
393,1688.53,575.701,1.54,2477,Terminalversatz,2043.27770996094
394,1669.0,571.795,1.54,2477,Terminalversatz,2043.27770996094
395,1671.44,579.608,1.54,2477,Terminalversatz,2043.27770996094
396,1708.37,548.112,1.54,2477,Terminalversatz,2043.27770996094
397,1728.21,571.795,1.54,2477,Terminalversatz,2043.27770996094
398,1737.97,575.701,1.54,2477,Terminalversatz,2043.27770996094
399,1740.41,553.972,1.54,2477,Terminalversatz,2043.27770996094
400,1715.69,569.842,1.55,2477,Terminalversatz,2043.27770996094
401,1688.53,577.654,1.55,2477,Terminalversatz,2043.27770996094
402,1688.53,575.701,1.55,2477,Terminalversatz,2043.27770996094
403,1708.37,561.785,1.55,2477,Terminalversatz,2043.27770996094
404,1710.81,557.878,1.55,2477,Terminalversatz,2043.27770996094
405,1713.25,555.925,1.55,2477,Terminalversatz,2043.27770996094
406,1698.6,583.514,1.55,2477,Terminalversatz,2043.27770996094
407,1666.56,561.785,1.55,2477,Terminalversatz,2043.27770996094
408,1644.28,565.935,1.55,2477,Terminalversatz,2043.27770996094
409,1671.44,581.561,1.55,2477,Terminalversatz,2043.27770996094
410,1688.53,567.888,1.55,2477,Terminalversatz,2043.27770996094
411,1696.16,555.925,1.55,2477,Terminalversatz,2043.27770996094
412,1701.04,561.785,1.55,2477,Terminalversatz,2043.27770996094
413,1686.09,573.748,1.56,2477,Terminalversatz,2043.27770996094
414,1666.56,583.514,1.56,2477,Terminalversatz,2043.27770996094
415,1669.0,579.608,1.56,2477,Terminalversatz,2043.27770996094
416,1705.93,553.972,1.56,2477,Terminalversatz,2043.27770996094
417,1725.76,577.654,1.56,2477,Terminalversatz,2043.27770996094
418,1737.97,571.795,1.56,2477,Terminalversatz,2043.27770996094
419,1735.53,561.785,1.56,2477,Terminalversatz,2043.27770996094
420,1715.69,569.842,1.56,2477,Terminalversatz,2043.27770996094
421,1690.97,567.888,1.56,2477,Terminalversatz,2043.27770996094
422,1688.53,581.561,1.56,2477,Terminalversatz,2043.27770996094
423,1705.93,557.878,1.56,2477,Terminalversatz,2043.27770996094
424,1708.37,567.888,1.56,2477,Terminalversatz,2043.27770996094
425,1710.81,548.112,1.56,2477,Terminalversatz,2043.27770996094
426,1693.72,597.43,1.57,2477,Terminalversatz,2043.27770996094
427,1661.37,569.842,1.57,2477,Terminalversatz,2043.27770996094
428,1641.84,553.972,1.57,2477,Terminalversatz,2043.27770996094
429,1666.56,595.477,1.57,2477,Terminalversatz,2043.27770996094
430,1686.09,569.842,1.57,2477,Terminalversatz,2043.27770996094
431,1693.72,567.888,1.57,2477,Terminalversatz,2043.27770996094
432,1696.16,559.832,1.57,2477,Terminalversatz,2043.27770996094
433,1686.09,579.608,1.57,2477,Terminalversatz,2043.27770996094
434,1666.56,571.795,1.57,2477,Terminalversatz,2043.27770996094
435,1671.44,589.618,1.57,2477,Terminalversatz,2043.27770996094
436,1708.37,544.206,1.57,2477,Terminalversatz,2043.27770996094
437,1725.76,567.888,1.57,2477,Terminalversatz,2043.27770996094
438,1737.97,581.561,1.57,2477,Terminalversatz,2043.27770996094
439,1735.53,548.112,1.57999,2477,Terminalversatz,2043.27770996094
440,1713.25,567.888,1.57999,2477,Terminalversatz,2043.27770996094
441,1686.09,571.795,1.57999,2477,Terminalversatz,2043.27770996094
442,1690.97,577.654,1.57999,2477,Terminalversatz,2043.27770996094
443,1705.93,559.832,1.57999,2477,Terminalversatz,2043.27770996094
444,1710.81,565.935,1.57999,2477,Terminalversatz,2043.27770996094
445,1710.81,550.066,1.57999,2477,Terminalversatz,2043.27770996094
446,1696.16,593.524,1.57999,2477,Terminalversatz,2043.27770996094
447,1666.56,569.842,1.57999,2477,Terminalversatz,2043.27770996094
448,1646.72,561.785,1.57999,2477,Terminalversatz,2043.27770996094
449,1673.88,587.42,1.57999,2477,Terminalversatz,2043.27770996094
450,1690.97,569.842,1.57999,2477,Terminalversatz,2043.27770996094
451,1701.04,563.738,1.57999,2477,Terminalversatz,2043.27770996094
452,1701.04,559.832,1.59,2477,Terminalversatz,2043.27770996094
453,1690.97,575.701,1.59,2477,Terminalversatz,2043.27770996094
454,1671.44,571.795,1.59,2477,Terminalversatz,2043.27770996094
455,1673.88,587.42,1.59,2477,Terminalversatz,2043.27770996094
456,1713.25,552.019,1.59,2477,Terminalversatz,2043.27770996094
457,1725.76,573.748,1.59,2477,Terminalversatz,2043.27770996094
458,1740.41,579.608,1.59,2477,Terminalversatz,2043.27770996094
459,1740.41,555.925,1.59,2477,Terminalversatz,2043.27770996094
460,1715.69,569.842,1.59,2477,Terminalversatz,2043.27770996094
461,1688.53,577.654,1.59,2477,Terminalversatz,2043.27770996094
462,1688.53,577.654,1.59,2477,Terminalversatz,2043.27770996094
463,1708.37,563.738,1.59,2477,Terminalversatz,2043.27770996094
464,1710.81,561.785,1.59,2477,Terminalversatz,2043.27770996094
465,1713.25,559.832,1.6,2477,Terminalversatz,2043.27770996094
466,1698.6,589.618,1.6,2477,Terminalversatz,2043.27770996094
467,1663.81,563.738,1.6,2477,Terminalversatz,2043.27770996094
468,1644.28,565.935,1.6,2477,Terminalversatz,2043.27770996094
469,1671.44,585.467,1.6,2477,Terminalversatz,2043.27770996094
470,1688.53,569.842,1.6,2477,Terminalversatz,2043.27770996094
471,1696.16,557.878,1.6,2477,Terminalversatz,2043.27770996094
472,1701.04,565.935,1.6,2477,Terminalversatz,2043.27770996094
473,1688.53,575.701,1.6,2477,Terminalversatz,2043.27770996094
474,1669.0,579.608,1.6,2477,Terminalversatz,2043.27770996094
475,1676.32,585.467,1.6,2477,Terminalversatz,2043.27770996094
476,1710.81,555.925,1.6,2477,Terminalversatz,2043.27770996094
477,1728.21,579.608,1.61,2477,Terminalversatz,2043.27770996094
478,1742.85,575.701,1.61,2477,Terminalversatz,2043.27770996094
479,1737.97,559.832,1.61,2477,Terminalversatz,2043.27770996094
480,1715.69,571.795,1.61,2477,Terminalversatz,2043.27770996094
481,1690.97,581.561,1.61,2477,Terminalversatz,2043.27770996094
482,1690.97,577.654,1.61,2477,Terminalversatz,2043.27770996094
483,1708.37,561.785,1.61,2477,Terminalversatz,2043.27770996094
484,1713.25,563.738,1.61,2477,Terminalversatz,2043.27770996094
485,1713.25,557.878,1.61,2477,Terminalversatz,2043.27770996094
486,1693.72,591.571,1.61,2477,Terminalversatz,2043.27770996094
487,1663.81,567.888,1.61,2477,Terminalversatz,2043.27770996094
488,1646.72,563.738,1.61,2477,Terminalversatz,2043.27770996094
489,1673.88,587.42,1.61,2477,Terminalversatz,2043.27770996094
490,1690.97,569.842,1.62,2477,Terminalversatz,2043.27770996094
491,1698.6,559.832,1.62,2477,Terminalversatz,2043.27770996094
492,1701.04,563.738,1.62,2477,Terminalversatz,2043.27770996094
493,1690.97,577.654,1.62,2477,Terminalversatz,2043.27770996094
494,1671.44,577.654,1.62,2477,Terminalversatz,2043.27770996094
495,1673.88,585.467,1.62,2477,Terminalversatz,2043.27770996094
496,1713.25,553.972,1.62,2477,Terminalversatz,2043.27770996094
497,1730.65,577.654,1.62,2477,Terminalversatz,2043.27770996094
498,1742.85,575.701,1.62,2477,Terminalversatz,2043.27770996094
499,1740.41,561.785,1.62,2477,Terminalversatz,2043.27770996094
500,1715.69,571.795,1.62,2477,Terminalversatz,2043.27770996094
501,1688.53,577.654,1.62,2477,Terminalversatz,2043.27770996094
502,1693.72,579.608,1.63,2477,Terminalversatz,2043.27770996094
503,1710.81,567.888,1.63,2477,Terminalversatz,2043.27770996094
504,1713.25,557.878,1.63,2477,Terminalversatz,2043.27770996094
505,1713.25,561.785,1.63,2477,Terminalversatz,2043.27770996094
506,1696.16,587.42,1.63,2477,Terminalversatz,2043.27770996094
507,1663.81,563.738,1.63,2477,Terminalversatz,2043.27770996094
508,1646.72,569.842,1.63,2477,Terminalversatz,2043.27770996094
509,1676.32,585.467,1.63,2477,Terminalversatz,2043.27770996094
510,1693.72,571.795,1.63,2477,Terminalversatz,2043.27770996094
511,1703.49,555.925,1.63,2477,Terminalversatz,2043.27770996094
512,1705.93,565.935,1.63,2477,Terminalversatz,2043.27770996094
513,1693.72,575.701,1.63,2477,Terminalversatz,2043.27770996094
514,1671.44,585.467,1.63,2477,Terminalversatz,2043.27770996094
515,1678.77,595.477,1.64,2477,Terminalversatz,2043.27770996094
516,1713.25,546.159,1.64,2477,Terminalversatz,2043.27770996094
517,1735.53,571.795,1.64,2477,Terminalversatz,2043.27770996094
518,1748.04,587.42,1.64,2477,Terminalversatz,2043.27770996094
519,1742.85,548.112,1.64,2477,Terminalversatz,2043.27770996094
520,1718.13,573.748,1.64,2477,Terminalversatz,2043.27770996094
521,1696.16,569.842,1.64,2477,Terminalversatz,2043.27770996094
522,1698.6,583.514,1.64,2477,Terminalversatz,2043.27770996094
523,1713.25,559.832,1.64,2477,Terminalversatz,2043.27770996094
524,1718.13,569.842,1.64,2477,Terminalversatz,2043.27770996094
525,1715.69,550.066,1.64,2477,Terminalversatz,2043.27770996094
526,1698.6,599.384,1.64,2477,Terminalversatz,2043.27770996094
527,1666.56,573.748,1.64999,2477,Terminalversatz,2043.27770996094
528,1649.16,561.785,1.64999,2477,Terminalversatz,2043.27770996094
529,1676.32,599.384,1.64999,2477,Terminalversatz,2043.27770996094
530,1693.72,569.842,1.64999,2477,Terminalversatz,2043.27770996094
531,1703.49,567.888,1.64999,2477,Terminalversatz,2043.27770996094
532,1705.93,561.785,1.64999,2477,Terminalversatz,2043.27770996094
533,1693.72,583.514,1.64999,2477,Terminalversatz,2043.27770996094
534,1671.44,573.748,1.64999,2477,Terminalversatz,2043.27770996094
535,1681.21,593.524,1.64999,2477,Terminalversatz,2043.27770996094
536,1715.69,550.066,1.64999,2477,Terminalversatz,2043.27770996094
537,1735.53,571.795,1.64999,2477,Terminalversatz,2043.27770996094
538,1745.3,581.561,1.64999,2477,Terminalversatz,2043.27770996094
539,1742.85,552.019,1.66,2477,Terminalversatz,2043.27770996094
540,1718.13,571.795,1.66,2477,Terminalversatz,2043.27770996094
541,1693.72,575.701,1.66,2477,Terminalversatz,2043.27770996094
542,1701.04,583.514,1.66,2477,Terminalversatz,2043.27770996094
543,1715.69,561.785,1.66,2477,Terminalversatz,2043.27770996094
544,1718.13,567.888,1.66,2477,Terminalversatz,2043.27770996094
545,1718.13,553.972,1.66,2477,Terminalversatz,2043.27770996094
546,1701.04,593.524,1.66,2477,Terminalversatz,2043.27770996094
547,1666.56,569.842,1.66,2477,Terminalversatz,2043.27770996094
548,1651.6,561.785,1.66,2477,Terminalversatz,2043.27770996094
549,1678.77,591.571,1.66,2477,Terminalversatz,2043.27770996094
550,1696.16,567.888,1.67,2477,Terminalversatz,2043.27770996094
551,1705.93,563.738,1.67,2477,Terminalversatz,2043.27770996094
552,1705.93,559.832,1.67,2477,Terminalversatz,2043.27770996094
553,1693.72,577.654,1.67,2477,Terminalversatz,2043.27770996094
554,1673.88,575.701,1.67,2477,Terminalversatz,2043.27770996094
555,1683.65,589.618,1.67,2477,Terminalversatz,2043.27770996094
556,1718.13,552.019,1.67,2477,Terminalversatz,2043.27770996094
557,1735.53,577.654,1.67,2477,Terminalversatz,2043.27770996094
558,1750.48,577.654,1.67,2477,Terminalversatz,2043.27770996094
559,1742.85,559.832,1.67,2477,Terminalversatz,2043.27770996094
560,1715.69,569.842,1.67,2477,Terminalversatz,2043.27770996094
561,1693.72,579.608,1.67,2477,Terminalversatz,2043.27770996094
562,1701.04,581.561,1.68,2477,Terminalversatz,2043.27770996094
563,1713.25,565.935,1.68,2477,Terminalversatz,2043.27770996094
564,1718.13,559.832,1.68,2477,Terminalversatz,2043.27770996094
565,1718.13,559.832,1.68,2477,Terminalversatz,2043.27770996094
566,1698.6,587.42,1.68,2477,Terminalversatz,2043.27770996094
567,1663.81,565.935,1.68,2477,Terminalversatz,2043.27770996094
568,1649.16,567.888,1.68,2477,Terminalversatz,2043.27770996094
569,1678.77,585.467,1.68,2477,Terminalversatz,2043.27770996094
570,1693.72,565.935,1.68,2477,Terminalversatz,2043.27770996094
571,1703.49,555.925,1.68,2477,Terminalversatz,2043.27770996094
572,1703.49,563.738,1.68,2477,Terminalversatz,2043.27770996094
573,1690.97,575.701,1.68999,2477,Terminalversatz,2043.27770996094
574,1673.88,583.514,1.68999,2477,Terminalversatz,2043.27770996094
575,1681.21,583.514,1.68999,2477,Terminalversatz,2043.27770996094
576,1718.13,555.925,1.68999,2477,Terminalversatz,2043.27770996094
577,1737.97,581.561,1.68999,2477,Terminalversatz,2043.27770996094
578,1748.04,585.467,1.68999,2477,Terminalversatz,2043.27770996094
579,1740.41,550.066,1.68999,2477,Terminalversatz,2043.27770996094
580,1715.69,571.795,1.68999,2477,Terminalversatz,2043.27770996094
581,1693.72,565.935,1.68999,2477,Terminalversatz,2043.27770996094
582,1701.04,581.561,1.68999,2477,Terminalversatz,2043.27770996094
583,1715.69,557.878,1.68999,2477,Terminalversatz,2043.27770996094
584,1715.69,569.842,1.68999,2477,Terminalversatz,2043.27770996094
585,1718.13,550.066,1.7,2477,Terminalversatz,2043.27770996094
586,1698.6,599.384,1.7,2477,Terminalversatz,2043.27770996094
587,1663.81,573.748,1.7,2477,Terminalversatz,2043.27770996094
588,1651.6,555.925,1.7,2477,Terminalversatz,2043.27770996094
589,1678.77,595.477,1.7,2477,Terminalversatz,2043.27770996094
590,1696.16,567.888,1.7,2477,Terminalversatz,2043.27770996094
591,1705.93,569.842,1.7,2477,Terminalversatz,2043.27770996094
592,1708.37,559.832,1.7,2477,Terminalversatz,2043.27770996094
593,1693.72,581.561,1.7,2477,Terminalversatz,2043.27770996094
594,1673.88,569.842,1.7,2477,Terminalversatz,2043.27770996094
595,1683.65,593.524,1.7,2477,Terminalversatz,2043.27770996094
596,1720.88,546.159,1.71,2477,Terminalversatz,2043.27770996094
597,1735.53,567.888,1.71,2477,Terminalversatz,2043.27770996094
598,1748.04,581.561,1.71,2477,Terminalversatz,2043.27770996094
599,1740.41,546.159,1.71,2477,Terminalversatz,2043.27770996094
600,1715.69,571.795,1.71,2477,Terminalversatz,2043.27770996094
601,1690.97,569.842,1.71,2477,Terminalversatz,2043.27770996094
602,1703.49,581.561,1.71,2477,Terminalversatz,2043.27770996094
603,1718.13,559.832,1.71,2477,Terminalversatz,2043.27770996094
604,1720.88,563.738,1.71,2477,Terminalversatz,2043.27770996094
605,1718.13,552.019,1.71,2477,Terminalversatz,2043.27770996094
606,1701.04,593.524,1.71,2477,Terminalversatz,2043.27770996094
607,1669.0,569.842,1.71,2477,Terminalversatz,2043.27770996094
608,1654.05,559.832,1.71999,2477,Terminalversatz,2043.27770996094
609,1683.65,591.571,1.71999,2477,Terminalversatz,2043.27770996094
610,1701.04,567.888,1.71999,2477,Terminalversatz,2043.27770996094
611,1705.93,563.738,1.71999,2477,Terminalversatz,2043.27770996094
612,1708.37,561.785,1.71999,2477,Terminalversatz,2043.27770996094
613,1693.72,577.654,1.71999,2477,Terminalversatz,2043.27770996094
614,1673.88,571.795,1.71999,2477,Terminalversatz,2043.27770996094
615,1686.09,585.467,1.71999,2477,Terminalversatz,2043.27770996094
616,1723.32,548.112,1.71999,2477,Terminalversatz,2043.27770996094
617,1737.97,573.748,1.71999,2477,Terminalversatz,2043.27770996094
618,1750.48,579.608,1.71999,2477,Terminalversatz,2043.27770996094
619,1745.3,553.972,1.73,2477,Terminalversatz,2043.27770996094
620,1720.88,571.795,1.73,2477,Terminalversatz,2043.27770996094
621,1698.6,575.701,1.73,2477,Terminalversatz,2043.27770996094
622,1703.49,579.608,1.73,2477,Terminalversatz,2043.27770996094
623,1718.13,563.738,1.73,2477,Terminalversatz,2043.27770996094
624,1720.88,557.878,1.73,2477,Terminalversatz,2043.27770996094
625,1720.88,555.925,1.73,2477,Terminalversatz,2043.27770996094
626,1698.6,587.42,1.73,2477,Terminalversatz,2043.27770996094
627,1666.56,561.785,1.73,2477,Terminalversatz,2043.27770996094
628,1654.05,563.738,1.73,2477,Terminalversatz,2043.27770996094
629,1683.65,583.514,1.73,2477,Terminalversatz,2043.27770996094
630,1703.49,567.888,1.74,2477,Terminalversatz,2043.27770996094
631,1710.81,557.878,1.74,2477,Terminalversatz,2043.27770996094
632,1710.81,559.832,1.74,2477,Terminalversatz,2043.27770996094
633,1698.6,571.795,1.74,2477,Terminalversatz,2043.27770996094
634,1673.88,579.608,1.74,2477,Terminalversatz,2043.27770996094
635,1690.97,579.608,1.74,2477,Terminalversatz,2043.27770996094
636,1725.76,553.972,1.74,2477,Terminalversatz,2043.27770996094
637,1740.41,577.654,1.74,2477,Terminalversatz,2043.27770996094
638,1752.93,571.795,1.74,2477,Terminalversatz,2043.27770996094
639,1745.3,559.832,1.74,2477,Terminalversatz,2043.27770996094
640,1720.88,569.842,1.74,2477,Terminalversatz,2043.27770996094
641,1696.16,573.748,1.74,2477,Terminalversatz,2043.27770996094
642,1705.93,579.608,1.75,2477,Terminalversatz,2043.27770996094
643,1720.88,559.832,1.75,2477,Terminalversatz,2043.27770996094
644,1723.32,563.738,1.75,2477,Terminalversatz,2043.27770996094
645,1723.32,552.019,1.75,2477,Terminalversatz,2043.27770996094
646,1701.04,589.618,1.75,2477,Terminalversatz,2043.27770996094
647,1669.0,567.888,1.75,2477,Terminalversatz,2043.27770996094
648,1656.49,561.785,1.75,2477,Terminalversatz,2043.27770996094
649,1683.65,587.42,1.75,2477,Terminalversatz,2043.27770996094
650,1698.6,565.935,1.75,2477,Terminalversatz,2043.27770996094
651,1705.93,557.878,1.75,2477,Terminalversatz,2043.27770996094
652,1708.37,559.832,1.75,2477,Terminalversatz,2043.27770996094
653,1693.72,573.748,1.75999,2477,Terminalversatz,2043.27770996094
654,1673.88,573.748,1.75999,2477,Terminalversatz,2043.27770996094
655,1686.09,583.514,1.75999,2477,Terminalversatz,2043.27770996094
656,1723.32,550.066,1.75999,2477,Terminalversatz,2043.27770996094
657,1740.41,571.795,1.75999,2477,Terminalversatz,2043.27770996094
658,1750.48,573.748,1.75999,2477,Terminalversatz,2043.27770996094
659,1745.3,555.925,1.75999,2477,Terminalversatz,2043.27770996094
660,1720.88,569.842,1.75999,2477,Terminalversatz,2043.27770996094
661,1698.6,577.654,1.75999,2477,Terminalversatz,2043.27770996094
662,1705.93,575.701,1.75999,2477,Terminalversatz,2043.27770996094
663,1718.13,561.785,1.75999,2477,Terminalversatz,2043.27770996094
664,1720.88,555.925,1.77,2477,Terminalversatz,2043.27770996094
665,1720.88,559.832,1.77,2477,Terminalversatz,2043.27770996094
666,1698.6,583.514,1.77,2477,Terminalversatz,2043.27770996094
667,1663.81,557.878,1.77,2477,Terminalversatz,2043.27770996094
668,1654.05,567.888,1.77,2477,Terminalversatz,2043.27770996094
669,1683.65,581.561,1.77,2477,Terminalversatz,2043.27770996094
670,1701.04,567.888,1.77,2477,Terminalversatz,2043.27770996094
671,1710.81,552.019,1.77,2477,Terminalversatz,2043.27770996094
672,1710.81,561.785,1.77,2477,Terminalversatz,2043.27770996094
673,1696.16,583.514,1.77,2477,Terminalversatz,2043.27770996094
674,1676.32,567.888,1.77,2477,Terminalversatz,2043.27770996094
675,1693.72,593.524,1.77,2477,Terminalversatz,2043.27770996094
676,1725.76,540.056,1.78,2477,Terminalversatz,2043.27770996094
677,1742.85,565.935,1.78,2477,Terminalversatz,2043.27770996094
678,1752.93,581.561,1.78,2477,Terminalversatz,2043.27770996094
679,1745.3,544.206,1.78,2477,Terminalversatz,2043.27770996094
680,1720.88,565.935,1.78,2477,Terminalversatz,2043.27770996094
681,1696.16,561.785,1.78,2477,Terminalversatz,2043.27770996094
682,1708.37,579.608,1.78,2477,Terminalversatz,2043.27770996094
683,1720.88,555.925,1.78,2477,Terminalversatz,2043.27770996094
684,1723.32,565.935,1.78,2477,Terminalversatz,2043.27770996094
685,1720.88,546.159,1.78,2477,Terminalversatz,2043.27770996094
686,1701.04,595.477,1.78,2477,Terminalversatz,2043.27770996094
687,1671.44,567.888,1.78,2477,Terminalversatz,2043.27770996094
688,1656.49,553.972,1.79,2477,Terminalversatz,2043.27770996094
689,1688.53,593.524,1.79,2477,Terminalversatz,2043.27770996094
690,1703.49,565.935,1.79,2477,Terminalversatz,2043.27770996094
691,1708.37,563.738,1.79,2477,Terminalversatz,2043.27770996094
692,1710.81,555.925,1.79,2477,Terminalversatz,2043.27770996094
693,1693.72,577.654,1.79,2477,Terminalversatz,2043.27770996094
694,1673.88,567.888,1.79,2477,Terminalversatz,2043.27770996094
695,1693.72,585.467,1.79,2477,Terminalversatz,2043.27770996094
696,1725.76,540.056,1.79,2477,Terminalversatz,2043.27770996094
697,1742.85,567.888,1.79,2477,Terminalversatz,2043.27770996094
698,1752.93,577.654,1.79,2477,Terminalversatz,2043.27770996094
699,1748.04,546.159,1.8,2477,Terminalversatz,2043.27770996094
700,1718.13,567.888,1.8,2477,Terminalversatz,2043.27770996094
701,1696.16,567.888,1.8,2477,Terminalversatz,2043.27770996094
702,1708.37,577.654,1.8,2477,Terminalversatz,2043.27770996094
703,1720.88,557.878,1.8,2477,Terminalversatz,2043.27770996094
704,1725.76,561.785,1.8,2477,Terminalversatz,2043.27770996094
705,1723.32,550.066,1.8,2477,Terminalversatz,2043.27770996094
706,1713.25,589.618,1.8,2477,Terminalversatz,2043.27770996094
707,1678.77,563.738,1.8,2477,Terminalversatz,2043.27770996094
708,1656.49,557.878,1.8,2477,Terminalversatz,2043.27770996094
709,1681.21,585.467,1.8,2477,Terminalversatz,2043.27770996094
710,1698.6,567.888,1.8,2477,Terminalversatz,2043.27770996094
711,1708.37,559.832,1.81,2477,Terminalversatz,2043.27770996094
712,1715.69,555.925,1.81,2477,Terminalversatz,2043.27770996094
713,1705.93,573.748,1.81,2477,Terminalversatz,2043.27770996094
714,1683.65,571.795,1.81,2477,Terminalversatz,2043.27770996094
715,1681.21,583.514,1.81,2477,Terminalversatz,2043.27770996094
716,1720.88,548.112,1.81,2477,Terminalversatz,2043.27770996094
717,1740.41,569.842,1.81,2477,Terminalversatz,2043.27770996094
718,1752.93,571.795,1.81,2477,Terminalversatz,2043.27770996094
719,1752.93,552.019,1.81,2477,Terminalversatz,2043.27770996094
720,1730.65,565.935,1.81,2477,Terminalversatz,2043.27770996094
721,1701.04,575.701,1.81,2477,Terminalversatz,2043.27770996094
722,1698.6,573.748,1.81,2477,Terminalversatz,2043.27770996094
723,1718.13,559.832,1.82,2477,Terminalversatz,2043.27770996094
724,1723.32,555.925,1.82,2477,Terminalversatz,2043.27770996094
725,1723.32,555.925,1.82,2477,Terminalversatz,2043.27770996094
726,1710.81,583.514,1.82,2477,Terminalversatz,2043.27770996094
727,1676.32,557.878,1.82,2477,Terminalversatz,2043.27770996094
728,1656.49,563.738,1.82,2477,Terminalversatz,2043.27770996094
729,1673.88,579.608,1.82,2477,Terminalversatz,2043.27770996094
730,1696.16,563.738,1.82,2477,Terminalversatz,2043.27770996094
731,1708.37,553.972,1.82,2477,Terminalversatz,2043.27770996094
732,1713.25,557.878,1.82,2477,Terminalversatz,2043.27770996094
733,1703.49,573.748,1.82,2477,Terminalversatz,2043.27770996094
734,1678.77,577.654,1.82999,2477,Terminalversatz,2043.27770996094
735,1681.21,577.654,1.82999,2477,Terminalversatz,2043.27770996094
736,1715.69,538.102,1.82999,2477,Terminalversatz,2043.27770996094
737,1740.41,563.738,1.82999,2477,Terminalversatz,2043.27770996094
738,1750.48,583.514,1.82999,2477,Terminalversatz,2043.27770996094
739,1750.48,544.206,1.82999,2477,Terminalversatz,2043.27770996094
740,1730.65,565.935,1.82999,2477,Terminalversatz,2043.27770996094
741,1703.49,561.785,1.82999,2477,Terminalversatz,2043.27770996094
742,1701.04,575.701,1.82999,2477,Terminalversatz,2043.27770996094
743,1720.88,552.019,1.82999,2477,Terminalversatz,2043.27770996094
744,1720.88,563.738,1.82999,2477,Terminalversatz,2043.27770996094
745,1725.76,546.159,1.82999,2477,Terminalversatz,2043.27770996094
746,1713.25,597.43,1.84,2477,Terminalversatz,2043.27770996094
747,1681.21,567.888,1.84,2477,Terminalversatz,2043.27770996094
748,1656.49,550.066,1.84,2477,Terminalversatz,2043.27770996094
749,1678.77,591.571,1.84,2477,Terminalversatz,2043.27770996094
750,1701.04,567.888,1.84,2477,Terminalversatz,2043.27770996094
751,1708.37,563.738,1.84,2477,Terminalversatz,2043.27770996094
752,1713.25,555.925,1.84,2477,Terminalversatz,2043.27770996094
753,1703.49,575.701,1.84,2477,Terminalversatz,2043.27770996094
754,1681.21,563.738,1.84,2477,Terminalversatz,2043.27770996094
755,1681.21,585.467,1.84,2477,Terminalversatz,2043.27770996094
756,1723.32,540.056,1.84,2477,Terminalversatz,2043.27770996094
757,1742.85,561.785,1.85,2477,Terminalversatz,2043.27770996094
758,1752.93,577.654,1.85,2477,Terminalversatz,2043.27770996094
759,1750.48,544.206,1.85,2477,Terminalversatz,2043.27770996094
760,1730.65,563.738,1.85,2477,Terminalversatz,2043.27770996094
761,1705.93,567.888,1.85,2477,Terminalversatz,2043.27770996094
762,1701.04,577.654,1.85,2477,Terminalversatz,2043.27770996094
763,1718.13,553.972,1.85,2477,Terminalversatz,2043.27770996094
764,1723.32,561.785,1.85,2477,Terminalversatz,2043.27770996094
765,1725.76,548.112,1.85,2477,Terminalversatz,2043.27770996094
766,1710.81,587.42,1.85,2477,Terminalversatz,2043.27770996094
767,1676.32,561.785,1.85,2477,Terminalversatz,2043.27770996094
768,1656.49,555.925,1.86,2477,Terminalversatz,2043.27770996094
769,1678.77,587.42,1.86,2477,Terminalversatz,2043.27770996094
770,1698.6,563.738,1.86,2477,Terminalversatz,2043.27770996094
771,1708.37,557.878,1.86,2477,Terminalversatz,2043.27770996094
772,1713.25,553.972,1.86,2477,Terminalversatz,2043.27770996094
773,1701.04,571.795,1.86,2477,Terminalversatz,2043.27770996094
774,1681.21,571.795,1.86,2477,Terminalversatz,2043.27770996094
775,1681.21,581.561,1.86,2477,Terminalversatz,2043.27770996094
776,1720.88,546.159,1.86,2477,Terminalversatz,2043.27770996094
777,1737.97,567.888,1.86,2477,Terminalversatz,2043.27770996094
778,1750.48,571.795,1.86,2477,Terminalversatz,2043.27770996094
779,1750.48,550.066,1.87,2477,Terminalversatz,2043.27770996094
780,1725.76,565.935,1.87,2477,Terminalversatz,2043.27770996094
781,1698.6,571.795,1.87,2477,Terminalversatz,2043.27770996094
782,1698.6,575.701,1.87,2477,Terminalversatz,2043.27770996094
783,1715.69,557.878,1.87,2477,Terminalversatz,2043.27770996094
784,1720.88,553.972,1.87,2477,Terminalversatz,2043.27770996094
785,1720.88,555.925,1.87,2477,Terminalversatz,2043.27770996094
786,1705.93,581.561,1.87,2477,Terminalversatz,2043.27770996094
787,1673.88,557.878,1.87,2477,Terminalversatz,2043.27770996094
788,1654.05,559.832,1.87,2477,Terminalversatz,2043.27770996094
789,1676.32,579.608,1.88,2477,Terminalversatz,2043.27770996094
790,1698.6,565.935,1.88,2477,Terminalversatz,2043.27770996094
791,1705.93,552.019,1.88,2477,Terminalversatz,2043.27770996094
792,1710.81,555.925,1.88,2477,Terminalversatz,2043.27770996094
793,1698.6,567.888,1.88,2477,Terminalversatz,2043.27770996094
794,1678.77,575.701,1.88,2477,Terminalversatz,2043.27770996094
795,1678.77,575.701,1.88,2477,Terminalversatz,2043.27770996094
796,1718.13,552.019,1.88,2477,Terminalversatz,2043.27770996094
797,1737.97,573.748,1.88,2477,Terminalversatz,2043.27770996094
798,1748.04,567.888,1.88,2477,Terminalversatz,2043.27770996094
799,1748.04,546.159,1.88,2477,Terminalversatz,2043.27770996094
800,1725.76,563.738,1.88,2477,Terminalversatz,2043.27770996094
801,1701.04,569.842,1.89,2477,Terminalversatz,2043.27770996094
802,1698.6,573.748,1.89,2477,Terminalversatz,2043.27770996094
803,1718.13,555.925,1.89,2477,Terminalversatz,2043.27770996094
804,1718.13,557.878,1.89,2477,Terminalversatz,2043.27770996094
805,1718.13,552.019,1.89,2477,Terminalversatz,2043.27770996094
806,1703.49,587.42,1.89,2477,Terminalversatz,2043.27770996094
807,1671.44,561.785,1.89,2477,Terminalversatz,2043.27770996094
808,1651.6,555.925,1.89,2477,Terminalversatz,2043.27770996094
809,1673.88,583.514,1.89,2477,Terminalversatz,2043.27770996094
810,1698.6,561.785,1.89,2477,Terminalversatz,2043.27770996094
811,1701.04,555.925,1.89999,2477,Terminalversatz,2043.27770996094
812,1710.81,553.972,1.89999,2477,Terminalversatz,2043.27770996094
813,1696.16,569.842,1.89999,2477,Terminalversatz,2043.27770996094
814,1673.88,569.842,1.89999,2477,Terminalversatz,2043.27770996094
815,1676.32,579.608,1.89999,2477,Terminalversatz,2043.27770996094
816,1715.69,546.159,1.89999,2477,Terminalversatz,2043.27770996094
817,1735.53,565.935,1.89999,2477,Terminalversatz,2043.27770996094
818,1745.3,567.888,1.89999,2477,Terminalversatz,2043.27770996094
819,1742.85,552.019,1.89999,2477,Terminalversatz,2043.27770996094
820,1720.88,561.785,1.89999,2477,Terminalversatz,2043.27770996094
821,1690.97,573.748,1.89999,2477,Terminalversatz,2043.27770996094
822,1696.16,571.795,1.91,2477,Terminalversatz,2043.27770996094
823,1710.81,557.878,1.91,2477,Terminalversatz,2043.27770996094
824,1715.69,552.019,1.91,2477,Terminalversatz,2043.27770996094
825,1715.69,555.925,1.91,2477,Terminalversatz,2043.27770996094
826,1696.16,579.608,1.91,2477,Terminalversatz,2043.27770996094
827,1669.0,555.925,1.91,2477,Terminalversatz,2043.27770996094
828,1646.72,557.878,1.91,2477,Terminalversatz,2043.27770996094
829,1671.44,577.654,1.91,2477,Terminalversatz,2043.27770996094
830,1690.97,563.738,1.91,2477,Terminalversatz,2043.27770996094
831,1698.6,565.935,1.91,2477,Terminalversatz,2043.27770996094
832,1701.04,550.066,1.91,2477,Terminalversatz,2043.27770996094
833,1690.97,579.608,1.92,2477,Terminalversatz,2043.27770996094
834,1671.44,563.738,1.92,2477,Terminalversatz,2043.27770996094
835,1673.88,587.42,1.92,2477,Terminalversatz,2043.27770996094
836,1713.25,536.149,1.92,2477,Terminalversatz,2043.27770996094
837,1730.65,559.832,1.92,2477,Terminalversatz,2043.27770996094
838,1742.85,577.654,1.92,2477,Terminalversatz,2043.27770996094
839,1740.41,540.056,1.92,2477,Terminalversatz,2043.27770996094
840,1720.88,561.785,1.92,2477,Terminalversatz,2043.27770996094
841,1693.72,559.832,1.92,2477,Terminalversatz,2043.27770996094
842,1693.72,577.654,1.92,2477,Terminalversatz,2043.27770996094
843,1710.81,552.019,1.92,2477,Terminalversatz,2043.27770996094
844,1715.69,561.785,1.93,2477,Terminalversatz,2043.27770996094
845,1715.69,542.009,1.93,2477,Terminalversatz,2043.27770996094
846,1698.6,593.524,1.93,2477,Terminalversatz,2043.27770996094
847,1666.56,563.738,1.93,2477,Terminalversatz,2043.27770996094
848,1646.72,550.066,1.93,2477,Terminalversatz,2043.27770996094
849,1673.88,589.618,1.93,2477,Terminalversatz,2043.27770996094
850,1690.97,563.738,1.93,2477,Terminalversatz,2043.27770996094
851,1698.6,559.832,1.93,2477,Terminalversatz,2043.27770996094
852,1705.93,552.019,1.93,2477,Terminalversatz,2043.27770996094
853,1690.97,573.748,1.93,2477,Terminalversatz,2043.27770996094
854,1673.88,561.785,1.93999,2477,Terminalversatz,2043.27770996094
855,1676.32,581.561,1.93999,2477,Terminalversatz,2043.27770996094
856,1713.25,538.102,1.93999,2477,Terminalversatz,2043.27770996094
857,1733.09,563.738,1.93999,2477,Terminalversatz,2043.27770996094
858,1742.85,573.748,1.93999,2477,Terminalversatz,2043.27770996094
859,1740.41,544.206,1.93999,2477,Terminalversatz,2043.27770996094
860,1718.13,561.785,1.93999,2477,Terminalversatz,2043.27770996094
861,1693.72,569.842,1.93999,2477,Terminalversatz,2043.27770996094
862,1696.16,575.701,1.93999,2477,Terminalversatz,2043.27770996094
863,1713.25,553.972,1.93999,2477,Terminalversatz,2043.27770996094
864,1715.69,555.925,1.93999,2477,Terminalversatz,2043.27770996094
865,1715.69,548.112,1.95,2477,Terminalversatz,2043.27770996094
866,1701.04,589.618,1.95,2477,Terminalversatz,2043.27770996094
867,1669.0,561.785,1.95,2477,Terminalversatz,2043.27770996094
868,1649.16,553.972,1.95,2477,Terminalversatz,2043.27770996094
869,1673.88,583.514,1.95,2477,Terminalversatz,2043.27770996094
870,1690.97,561.785,1.95,2477,Terminalversatz,2043.27770996094
871,1701.04,553.972,1.95,2477,Terminalversatz,2043.27770996094
872,1703.49,553.972,1.95,2477,Terminalversatz,2043.27770996094
873,1690.97,569.842,1.95,2477,Terminalversatz,2043.27770996094
874,1673.88,567.888,1.95,2477,Terminalversatz,2043.27770996094
875,1678.77,577.654,1.95,2477,Terminalversatz,2043.27770996094
876,1713.25,542.009,1.96,2477,Terminalversatz,2043.27770996094
877,1730.65,565.935,1.96,2477,Terminalversatz,2043.27770996094
878,1742.85,567.888,1.96,2477,Terminalversatz,2043.27770996094
879,1740.41,550.066,1.96,2477,Terminalversatz,2043.27770996094
880,1715.69,561.785,1.96,2477,Terminalversatz,2043.27770996094
881,1690.97,571.795,1.96,2477,Terminalversatz,2043.27770996094
882,1696.16,573.748,1.96,2477,Terminalversatz,2043.27770996094
883,1708.37,557.878,1.96,2477,Terminalversatz,2043.27770996094
884,1713.25,552.019,1.96,2477,Terminalversatz,2043.27770996094
885,1715.69,550.066,1.96,2477,Terminalversatz,2043.27770996094
886,1698.6,579.608,1.96,2477,Terminalversatz,2043.27770996094
887,1666.56,555.925,1.96999,2477,Terminalversatz,2043.27770996094
888,1644.28,557.878,1.96999,2477,Terminalversatz,2043.27770996094
889,1673.88,575.701,1.96999,2477,Terminalversatz,2043.27770996094
890,1690.97,561.785,1.96999,2477,Terminalversatz,2043.27770996094
891,1698.6,546.159,1.96999,2477,Terminalversatz,2043.27770996094
892,1701.04,555.925,1.96999,2477,Terminalversatz,2043.27770996094
893,1688.53,579.608,1.96999,2477,Terminalversatz,2043.27770996094
894,1669.0,561.785,1.96999,2477,Terminalversatz,2043.27770996094
895,1673.88,587.42,1.96999,2477,Terminalversatz,2043.27770996094
896,1713.25,534.196,1.96999,2477,Terminalversatz,2043.27770996094
897,1730.65,559.832,1.96999,2477,Terminalversatz,2043.27770996094
898,1740.41,579.608,1.98,2477,Terminalversatz,2043.27770996094
899,1737.97,538.102,1.98,2477,Terminalversatz,2043.27770996094
900,1715.69,561.785,1.98,2477,Terminalversatz,2043.27770996094
901,1690.97,557.878,1.98,2477,Terminalversatz,2043.27770996094
902,1693.72,575.701,1.98,2477,Terminalversatz,2043.27770996094
903,1705.93,548.112,1.98,2477,Terminalversatz,2043.27770996094
904,1708.37,561.785,1.98,2477,Terminalversatz,2043.27770996094
905,1713.25,540.056,1.98,2477,Terminalversatz,2043.27770996094
906,1696.16,591.571,1.98,2477,Terminalversatz,2043.27770996094
907,1663.81,563.738,1.98,2477,Terminalversatz,2043.27770996094
908,1646.72,548.112,1.99,2477,Terminalversatz,2043.27770996094
909,1671.44,587.42,1.99,2477,Terminalversatz,2043.27770996094
910,1690.97,561.785,1.99,2477,Terminalversatz,2043.27770996094
911,1698.6,563.738,1.99,2477,Terminalversatz,2043.27770996094
912,1703.49,550.066,1.99,2477,Terminalversatz,2043.27770996094
913,1688.53,575.701,1.99,2477,Terminalversatz,2043.27770996094
914,1671.44,561.785,1.99,2477,Terminalversatz,2043.27770996094
915,1678.77,583.514,1.99,2477,Terminalversatz,2043.27770996094
916,1710.81,534.196,1.99,2477,Terminalversatz,2043.27770996094
917,1730.65,559.832,1.99,2477,Terminalversatz,2043.27770996094
918,1742.85,575.701,1.99,2477,Terminalversatz,2043.27770996094
919,1740.41,540.056,1.99,2477,Terminalversatz,2043.27770996094
920,1715.69,561.785,2.0,2477,Terminalversatz,2043.27770996094
921,1690.97,563.738,2.0,2477,Terminalversatz,2043.27770996094
922,1693.72,575.701,2.0,2477,Terminalversatz,2043.27770996094
923,1710.81,553.972,2.0,2477,Terminalversatz,2043.27770996094
924,1713.25,557.878,2.0,2477,Terminalversatz,2043.27770996094
925,1715.69,542.009,2.0,2477,Terminalversatz,2043.27770996094
926,1698.6,589.618,2.0,2477,Terminalversatz,2043.27770996094
927,1666.56,561.785,2.0,2477,Terminalversatz,2043.27770996094
928,1649.16,553.972,2.0,2477,Terminalversatz,2043.27770996094
929,1673.88,583.514,2.0,2477,Terminalversatz,2043.27770996094
930,1693.72,563.738,2.0,2477,Terminalversatz,2043.27770996094
931,1703.49,555.925,2.00999,2477,Terminalversatz,2043.27770996094
932,1705.93,553.972,2.00999,2477,Terminalversatz,2043.27770996094
933,1690.97,569.842,2.00999,2477,Terminalversatz,2043.27770996094
934,1673.88,565.935,2.00999,2477,Terminalversatz,2043.27770996094
935,1681.21,579.608,2.00999,2477,Terminalversatz,2043.27770996094
936,1715.69,540.056,2.00999,2477,Terminalversatz,2043.27770996094
937,1735.53,565.935,2.00999,2477,Terminalversatz,2043.27770996094
938,1745.3,569.842,2.00999,2477,Terminalversatz,2043.27770996094
939,1742.85,546.159,2.00999,2477,Terminalversatz,2043.27770996094
940,1718.13,559.832,2.00999,2477,Terminalversatz,2043.27770996094
941,1693.72,569.842,2.00999,2477,Terminalversatz,2043.27770996094
942,1701.04,569.842,2.02,2477,Terminalversatz,2043.27770996094
943,1713.25,555.925,2.02,2477,Terminalversatz,2043.27770996094
944,1718.13,552.019,2.02,2477,Terminalversatz,2043.27770996094
945,1718.13,548.112,2.02,2477,Terminalversatz,2043.27770996094
946,1701.04,579.608,2.02,2477,Terminalversatz,2043.27770996094
947,1666.56,555.925,2.02,2477,Terminalversatz,2043.27770996094
948,1649.16,559.832,2.02,2477,Terminalversatz,2043.27770996094
949,1676.32,573.748,2.02,2477,Terminalversatz,2043.27770996094
950,1693.72,561.785,2.02,2477,Terminalversatz,2043.27770996094
951,1703.49,550.066,2.02,2477,Terminalversatz,2043.27770996094
952,1705.93,553.972,2.02,2477,Terminalversatz,2043.27770996094
953,1693.72,567.888,2.03,2477,Terminalversatz,2043.27770996094
954,1673.88,573.748,2.03,2477,Terminalversatz,2043.27770996094
955,1681.21,573.748,2.03,2477,Terminalversatz,2043.27770996094
956,1720.88,534.196,2.03,2477,Terminalversatz,2043.27770996094
957,1735.53,561.785,2.03,2477,Terminalversatz,2043.27770996094
958,1748.04,573.748,2.03,2477,Terminalversatz,2043.27770996094
959,1742.85,544.206,2.03,2477,Terminalversatz,2043.27770996094
960,1720.88,559.832,2.03,2477,Terminalversatz,2043.27770996094
961,1693.72,563.738,2.03,2477,Terminalversatz,2043.27770996094
962,1701.04,571.795,2.03,2477,Terminalversatz,2043.27770996094
963,1713.25,552.019,2.03,2477,Terminalversatz,2043.27770996094
964,1718.13,555.925,2.04,2477,Terminalversatz,2043.27770996094
965,1718.13,546.159,2.04,2477,Terminalversatz,2043.27770996094
966,1698.6,583.514,2.04,2477,Terminalversatz,2043.27770996094
967,1671.44,557.878,2.04,2477,Terminalversatz,2043.27770996094
968,1651.6,553.972,2.04,2477,Terminalversatz,2043.27770996094
969,1683.65,581.561,2.04,2477,Terminalversatz,2043.27770996094
970,1698.6,559.832,2.04,2477,Terminalversatz,2043.27770996094
971,1708.37,552.019,2.04,2477,Terminalversatz,2043.27770996094
972,1710.81,553.972,2.04,2477,Terminalversatz,2043.27770996094
973,1698.6,569.842,2.04,2477,Terminalversatz,2043.27770996094
974,1678.77,567.888,2.04,2477,Terminalversatz,2043.27770996094
975,1686.09,575.701,2.05,2477,Terminalversatz,2043.27770996094
976,1723.32,540.056,2.05,2477,Terminalversatz,2043.27770996094
977,1737.97,565.935,2.05,2477,Terminalversatz,2043.27770996094
978,1752.93,567.888,2.05,2477,Terminalversatz,2043.27770996094
979,1748.04,548.112,2.05,2477,Terminalversatz,2043.27770996094
980,1720.88,561.785,2.05,2477,Terminalversatz,2043.27770996094
981,1698.6,571.795,2.05,2477,Terminalversatz,2043.27770996094
982,1703.49,571.795,2.05,2477,Terminalversatz,2043.27770996094
983,1720.88,555.925,2.05,2477,Terminalversatz,2043.27770996094
984,1723.32,550.066,2.05,2477,Terminalversatz,2043.27770996094
985,1725.76,552.019,2.05,2477,Terminalversatz,2043.27770996094
986,1703.49,577.654,2.06,2477,Terminalversatz,2043.27770996094
987,1671.44,563.738,2.06,2477,Terminalversatz,2043.27770996094
988,1658.93,544.206,2.06,2477,Terminalversatz,2043.27770996094
989,1686.09,583.514,2.06,2477,Terminalversatz,2043.27770996094
990,1698.6,561.785,2.06,2477,Terminalversatz,2043.27770996094
991,1708.37,565.935,2.06,2477,Terminalversatz,2043.27770996094
992,1715.69,548.112,2.06,2477,Terminalversatz,2043.27770996094
993,1701.04,575.701,2.06,2477,Terminalversatz,2043.27770996094
994,1676.32,561.785,2.06,2477,Terminalversatz,2043.27770996094
995,1688.53,583.514,2.06,2477,Terminalversatz,2043.27770996094
996,1725.76,532.243,2.06,2477,Terminalversatz,2043.27770996094
997,1740.41,557.878,2.07,2477,Terminalversatz,2043.27770996094
998,1752.93,573.748,2.07,2477,Terminalversatz,2043.27770996094
999,1742.85,540.056,2.07,2477,Terminalversatz,2043.27770996094
1000,1723.32,561.785,2.07,2477,Terminalversatz,2043.27770996094
1001,1696.16,557.878,2.07,2477,Terminalversatz,2043.27770996094
1002,1703.49,571.795,2.07,2477,Terminalversatz,2043.27770996094
1003,1718.13,548.112,2.07,2477,Terminalversatz,2043.27770996094
1004,1723.32,557.878,2.07,2477,Terminalversatz,2043.27770996094
1005,1723.32,540.056,2.07,2477,Terminalversatz,2043.27770996094
1006,1703.49,589.618,2.07,2477,Terminalversatz,2043.27770996094
1007,1669.0,561.785,2.07,2477,Terminalversatz,2043.27770996094
1008,1654.05,548.112,2.07,2477,Terminalversatz,2043.27770996094
1009,1681.21,587.42,2.07999,2477,Terminalversatz,2043.27770996094
1010,1698.6,561.785,2.07999,2477,Terminalversatz,2043.27770996094
1011,1708.37,561.785,2.07999,2477,Terminalversatz,2043.27770996094
1012,1708.37,550.066,2.07999,2477,Terminalversatz,2043.27770996094
1013,1693.72,569.842,2.07999,2477,Terminalversatz,2043.27770996094
1014,1673.88,563.738,2.07999,2477,Terminalversatz,2043.27770996094
1015,1686.09,581.561,2.07999,2477,Terminalversatz,2043.27770996094
1016,1720.88,538.102,2.07999,2477,Terminalversatz,2043.27770996094
1017,1740.41,559.832,2.07999,2477,Terminalversatz,2043.27770996094
1018,1748.04,571.795,2.07999,2477,Terminalversatz,2043.27770996094
1019,1745.3,542.009,2.07999,2477,Terminalversatz,2043.27770996094
1020,1720.88,557.878,2.09,2477,Terminalversatz,2043.27770996094
1021,1696.16,561.785,2.09,2477,Terminalversatz,2043.27770996094
1022,1705.93,571.795,2.09,2477,Terminalversatz,2043.27770996094
1023,1718.13,552.019,2.09,2477,Terminalversatz,2043.27770996094
1024,1723.32,555.925,2.09,2477,Terminalversatz,2043.27770996094
1025,1723.32,546.159,2.09,2477,Terminalversatz,2043.27770996094
1026,1698.6,583.514,2.09,2477,Terminalversatz,2043.27770996094
1027,1669.0,557.878,2.09,2477,Terminalversatz,2043.27770996094
1028,1658.93,552.019,2.09,2477,Terminalversatz,2043.27770996094
1029,1686.09,581.561,2.09,2477,Terminalversatz,2043.27770996094
1030,1701.04,559.832,2.09,2477,Terminalversatz,2043.27770996094
1031,1710.81,550.066,2.1,2477,Terminalversatz,2043.27770996094
1032,1713.25,550.066,2.1,2477,Terminalversatz,2043.27770996094
1033,1698.6,567.888,2.1,2477,Terminalversatz,2043.27770996094
1034,1678.77,565.935,2.1,2477,Terminalversatz,2043.27770996094
1035,1690.97,577.654,2.1,2477,Terminalversatz,2043.27770996094
1036,1728.21,540.056,2.1,2477,Terminalversatz,2043.27770996094
1037,1748.04,565.935,2.1,2477,Terminalversatz,2043.27770996094
1038,1757.81,567.888,2.1,2477,Terminalversatz,2043.27770996094
1039,1752.93,548.112,2.1,2477,Terminalversatz,2043.27770996094
1040,1725.76,559.832,2.1,2477,Terminalversatz,2043.27770996094
1041,1701.04,567.888,2.1,2477,Terminalversatz,2043.27770996094
1042,1713.25,571.795,2.1,2477,Terminalversatz,2043.27770996094
1043,1725.76,553.972,2.11,2477,Terminalversatz,2043.27770996094
1044,1730.65,552.019,2.11,2477,Terminalversatz,2043.27770996094
1045,1725.76,552.019,2.11,2477,Terminalversatz,2043.27770996094
1046,1703.49,579.608,2.11,2477,Terminalversatz,2043.27770996094
1047,1671.44,555.925,2.11,2477,Terminalversatz,2043.27770996094
1048,1661.37,555.925,2.11,2477,Terminalversatz,2043.27770996094
1049,1690.97,573.748,2.11,2477,Terminalversatz,2043.27770996094
1050,1705.93,561.785,2.11,2477,Terminalversatz,2043.27770996094
1051,1715.69,565.935,2.11,2477,Terminalversatz,2043.27770996094
1052,1715.69,546.159,2.11,2477,Terminalversatz,2043.27770996094
1053,1703.49,575.701,2.11,2477,Terminalversatz,2043.27770996094
1054,1678.77,557.878,2.12,2477,Terminalversatz,2043.27770996094
1055,1693.72,585.467,2.12,2477,Terminalversatz,2043.27770996094
1056,1730.65,532.243,2.12,2477,Terminalversatz,2043.27770996094
1057,1748.04,557.878,2.12,2477,Terminalversatz,2043.27770996094
1058,1757.81,575.701,2.12,2477,Terminalversatz,2043.27770996094
1059,1750.48,540.056,2.12,2477,Terminalversatz,2043.27770996094
1060,1723.32,561.785,2.12,2477,Terminalversatz,2043.27770996094
1061,1701.04,555.925,2.12,2477,Terminalversatz,2043.27770996094
1062,1710.81,571.795,2.12,2477,Terminalversatz,2043.27770996094
1063,1725.76,548.112,2.12,2477,Terminalversatz,2043.27770996094
1064,1728.21,559.832,2.12,2477,Terminalversatz,2043.27770996094
1065,1728.21,536.149,2.12,2477,Terminalversatz,2043.27770996094
1066,1708.37,589.618,2.13,2477,Terminalversatz,2043.27770996094
1067,1673.88,563.738,2.13,2477,Terminalversatz,2043.27770996094
1068,1663.81,546.159,2.13,2477,Terminalversatz,2043.27770996094
1069,1690.97,585.467,2.13,2477,Terminalversatz,2043.27770996094
1070,1708.37,561.785,2.13,2477,Terminalversatz,2043.27770996094
1071,1718.13,559.832,2.13,2477,Terminalversatz,2043.27770996094
1072,1718.13,550.066,2.13,2477,Terminalversatz,2043.27770996094
1073,1703.49,571.795,2.13,2477,Terminalversatz,2043.27770996094
1074,1678.77,559.832,2.13,2477,Terminalversatz,2043.27770996094
1075,1693.72,583.514,2.13,2477,Terminalversatz,2043.27770996094
1076,1730.65,534.196,2.13,2477,Terminalversatz,2043.27770996094
1077,1748.04,557.878,2.13,2477,Terminalversatz,2043.27770996094
1078,1762.69,571.795,2.13,2477,Terminalversatz,2043.27770996094
1079,1757.81,538.102,2.14,2477,Terminalversatz,2043.27770996094
1080,1733.09,561.785,2.14,2477,Terminalversatz,2043.27770996094
1081,1705.93,559.832,2.14,2477,Terminalversatz,2043.27770996094
1082,1710.81,571.795,2.14,2477,Terminalversatz,2043.27770996094
1083,1728.21,552.019,2.14,2477,Terminalversatz,2043.27770996094
1084,1728.21,555.925,2.14,2477,Terminalversatz,2043.27770996094
1085,1730.65,542.009,2.14,2477,Terminalversatz,2043.27770996094
1086,1713.25,585.467,2.14,2477,Terminalversatz,2043.27770996094
1087,1681.21,559.832,2.14,2477,Terminalversatz,2043.27770996094
1088,1661.37,550.066,2.14,2477,Terminalversatz,2043.27770996094
1089,1690.97,581.561,2.14,2477,Terminalversatz,2043.27770996094
1090,1708.37,559.832,2.14,2477,Terminalversatz,2043.27770996094
1091,1720.88,552.019,2.14999,2477,Terminalversatz,2043.27770996094
1092,1720.88,550.066,2.14999,2477,Terminalversatz,2043.27770996094
1093,1708.37,565.935,2.14999,2477,Terminalversatz,2043.27770996094
1094,1686.09,563.738,2.14999,2477,Terminalversatz,2043.27770996094
1095,1696.16,577.654,2.14999,2477,Terminalversatz,2043.27770996094
1096,1730.65,538.102,2.14999,2477,Terminalversatz,2043.27770996094
1097,1752.93,561.785,2.14999,2477,Terminalversatz,2043.27770996094
1098,1762.69,567.888,2.14999,2477,Terminalversatz,2043.27770996094
1099,1760.25,546.159,2.14999,2477,Terminalversatz,2043.27770996094
1100,1737.97,557.878,2.14999,2477,Terminalversatz,2043.27770996094
1101,1713.25,567.888,2.14999,2477,Terminalversatz,2043.27770996094
1102,1715.69,569.842,2.14999,2477,Terminalversatz,2043.27770996094
1103,1733.09,553.972,2.16,2477,Terminalversatz,2043.27770996094
1104,1737.97,550.066,2.16,2477,Terminalversatz,2043.27770996094
1105,1737.97,548.112,2.16,2477,Terminalversatz,2043.27770996094
1106,1720.88,579.608,2.16,2477,Terminalversatz,2043.27770996094
1107,1683.65,555.925,2.16,2477,Terminalversatz,2043.27770996094
1108,1666.56,557.878,2.16,2477,Terminalversatz,2043.27770996094
1109,1693.72,575.701,2.16,2477,Terminalversatz,2043.27770996094
1110,1713.25,557.878,2.16,2477,Terminalversatz,2043.27770996094
1111,1720.88,548.112,2.16,2477,Terminalversatz,2043.27770996094
1112,1725.76,552.019,2.16,2477,Terminalversatz,2043.27770996094
1113,1710.81,567.888,2.16,2477,Terminalversatz,2043.27770996094
1114,1686.09,559.832,2.16,2477,Terminalversatz,2043.27770996094
1115,1696.16,579.608,2.17,2477,Terminalversatz,2043.27770996094
1116,1735.53,536.149,2.17,2477,Terminalversatz,2043.27770996094
1117,1752.93,559.832,2.17,2477,Terminalversatz,2043.27770996094
1118,1767.57,569.842,2.17,2477,Terminalversatz,2043.27770996094
1119,1762.69,542.009,2.17,2477,Terminalversatz,2043.27770996094
1120,1737.97,557.878,2.17,2477,Terminalversatz,2043.27770996094
1121,1713.25,561.785,2.17,2477,Terminalversatz,2043.27770996094
1122,1715.69,569.842,2.17,2477,Terminalversatz,2043.27770996094
1123,1733.09,552.019,2.17,2477,Terminalversatz,2043.27770996094
1124,1735.53,553.972,2.17,2477,Terminalversatz,2043.27770996094
1125,1735.53,542.009,2.17,2477,Terminalversatz,2043.27770996094
1126,1715.69,581.561,2.17,2477,Terminalversatz,2043.27770996094
1127,1683.65,555.925,2.18,2477,Terminalversatz,2043.27770996094
1128,1669.0,552.019,2.18,2477,Terminalversatz,2043.27770996094
1129,1696.16,579.608,2.18,2477,Terminalversatz,2043.27770996094
1130,1713.25,557.878,2.18,2477,Terminalversatz,2043.27770996094
1131,1725.76,550.066,2.18,2477,Terminalversatz,2043.27770996094
1132,1725.76,552.019,2.18,2477,Terminalversatz,2043.27770996094
1133,1713.25,565.935,2.18,2477,Terminalversatz,2043.27770996094
1134,1693.72,565.935,2.18,2477,Terminalversatz,2043.27770996094
1135,1701.04,575.701,2.18,2477,Terminalversatz,2043.27770996094
1136,1740.41,540.056,2.18,2477,Terminalversatz,2043.27770996094
1137,1757.81,565.935,2.18,2477,Terminalversatz,2043.27770996094
1138,1770.02,563.738,2.18,2477,Terminalversatz,2043.27770996094
1139,1767.57,548.112,2.18999,2477,Terminalversatz,2043.27770996094
1140,1742.85,557.878,2.18999,2477,Terminalversatz,2043.27770996094
1141,1715.69,569.842,2.18999,2477,Terminalversatz,2043.27770996094
1142,1720.88,567.888,2.18999,2477,Terminalversatz,2043.27770996094
1143,1737.97,552.019,2.18999,2477,Terminalversatz,2043.27770996094
1144,1740.41,546.159,2.18999,2477,Terminalversatz,2043.27770996094
1145,1742.85,534.196,2.18999,2477,Terminalversatz,2043.27770996094
1146,1723.32,587.42,2.18999,2477,Terminalversatz,2043.27770996094
1147,1688.53,559.832,2.18999,2477,Terminalversatz,2043.27770996094
1148,1671.44,542.009,2.18999,2477,Terminalversatz,2043.27770996094
1149,1701.04,581.561,2.18999,2477,Terminalversatz,2043.27770996094
1150,1718.13,557.878,2.2,2477,Terminalversatz,2043.27770996094
1151,1728.21,563.738,2.2,2477,Terminalversatz,2043.27770996094
1152,1730.65,546.159,2.2,2477,Terminalversatz,2043.27770996094
1153,1718.13,573.748,2.2,2477,Terminalversatz,2043.27770996094
1154,1696.16,559.832,2.2,2477,Terminalversatz,2043.27770996094
1155,1705.93,581.561,2.2,2477,Terminalversatz,2043.27770996094
1156,1745.3,530.29,2.2,2477,Terminalversatz,2043.27770996094
1157,1762.69,557.878,2.2,2477,Terminalversatz,2043.27770996094
1158,1775.2,573.748,2.2,2477,Terminalversatz,2043.27770996094
1159,1772.46,538.102,2.2,2477,Terminalversatz,2043.27770996094
1160,1745.3,557.878,2.2,2477,Terminalversatz,2043.27770996094
1161,1720.88,553.972,2.2,2477,Terminalversatz,2043.27770996094
1162,1728.21,567.888,2.21,2477,Terminalversatz,2043.27770996094
1163,1742.85,546.159,2.21,2477,Terminalversatz,2043.27770996094
1164,1748.04,559.832,2.21,2477,Terminalversatz,2043.27770996094
1165,1748.04,536.149,2.21,2477,Terminalversatz,2043.27770996094
1166,1728.21,589.618,2.21,2477,Terminalversatz,2043.27770996094
1167,1693.72,561.785,2.21,2477,Terminalversatz,2043.27770996094
1168,1678.77,548.112,2.21,2477,Terminalversatz,2043.27770996094
1169,1710.81,583.514,2.21,2477,Terminalversatz,2043.27770996094
1170,1725.76,559.832,2.21,2477,Terminalversatz,2043.27770996094
1171,1737.97,557.878,2.21,2477,Terminalversatz,2043.27770996094
1172,1737.97,546.159,2.21,2477,Terminalversatz,2043.27770996094
1173,1725.76,569.842,2.21,2477,Terminalversatz,2043.27770996094
1174,1701.04,559.832,2.21,2477,Terminalversatz,2043.27770996094
1175,1713.25,579.608,2.21999,2477,Terminalversatz,2043.27770996094
1176,1752.93,532.243,2.21999,2477,Terminalversatz,2043.27770996094
1177,1770.02,557.878,2.21999,2477,Terminalversatz,2043.27770996094
1178,1780.09,567.888,2.21999,2477,Terminalversatz,2043.27770996094
1179,1775.2,540.056,2.21999,2477,Terminalversatz,2043.27770996094
1180,1750.48,557.878,2.21999,2477,Terminalversatz,2043.27770996094
1181,1725.76,559.832,2.21999,2477,Terminalversatz,2043.27770996094
1182,1730.65,569.842,2.21999,2477,Terminalversatz,2043.27770996094
1183,1748.04,550.066,2.21999,2477,Terminalversatz,2043.27770996094
1184,1750.48,553.972,2.21999,2477,Terminalversatz,2043.27770996094
1185,1750.48,542.009,2.21999,2477,Terminalversatz,2043.27770996094
1186,1730.65,581.561,2.23,2477,Terminalversatz,2043.27770996094
1187,1696.16,555.925,2.23,2477,Terminalversatz,2043.27770996094
1188,1681.21,550.066,2.23,2477,Terminalversatz,2043.27770996094
1189,1710.81,577.654,2.23,2477,Terminalversatz,2043.27770996094
1190,1730.65,555.925,2.23,2477,Terminalversatz,2043.27770996094
1191,1740.41,553.972,2.23,2477,Terminalversatz,2043.27770996094
1192,1742.85,550.066,2.23,2477,Terminalversatz,2043.27770996094
1193,1730.65,567.888,2.23,2477,Terminalversatz,2043.27770996094
1194,1708.37,563.738,2.23,2477,Terminalversatz,2043.27770996094
1195,1718.13,575.701,2.23,2477,Terminalversatz,2043.27770996094
1196,1755.37,540.056,2.23,2477,Terminalversatz,2043.27770996094
1197,1772.46,561.785,2.23,2477,Terminalversatz,2043.27770996094
1198,1784.97,567.888,2.24,2477,Terminalversatz,2043.27770996094
1199,1777.65,548.112,2.24,2477,Terminalversatz,2043.27770996094
1200,1752.93,559.832,2.24,2477,Terminalversatz,2043.27770996094
1201,1725.76,565.935,2.24,2477,Terminalversatz,2043.27770996094
1202,1740.41,569.842,2.24,2477,Terminalversatz,2043.27770996094
1203,1752.93,553.972,2.24,2477,Terminalversatz,2043.27770996094
1204,1757.81,548.112,2.24,2477,Terminalversatz,2043.27770996094
1205,1757.81,548.112,2.24,2477,Terminalversatz,2043.27770996094
1206,1737.97,577.654,2.24,2477,Terminalversatz,2043.27770996094
1207,1701.04,552.019,2.24,2477,Terminalversatz,2043.27770996094
1208,1686.09,542.009,2.24,2477,Terminalversatz,2043.27770996094
1209,1720.88,577.654,2.25,2477,Terminalversatz,2043.27770996094
1210,1737.97,557.878,2.25,2477,Terminalversatz,2043.27770996094
1211,1745.3,561.785,2.25,2477,Terminalversatz,2043.27770996094
1212,1745.3,548.112,2.25,2477,Terminalversatz,2043.27770996094
1213,1733.09,573.748,2.25,2477,Terminalversatz,2043.27770996094
1214,1710.81,555.925,2.25,2477,Terminalversatz,2043.27770996094
1215,1723.32,585.467,2.25,2477,Terminalversatz,2043.27770996094
1216,1760.25,530.29,2.25,2477,Terminalversatz,2043.27770996094
1217,1775.2,555.925,2.25,2477,Terminalversatz,2043.27770996094
1218,1787.41,573.748,2.25,2477,Terminalversatz,2043.27770996094
1219,1782.53,536.149,2.25,2477,Terminalversatz,2043.27770996094
1220,1757.81,557.878,2.25,2477,Terminalversatz,2043.27770996094
1221,1735.53,553.972,2.25999,2477,Terminalversatz,2043.27770996094
1222,1740.41,571.795,2.25999,2477,Terminalversatz,2043.27770996094
1223,1755.37,546.159,2.25999,2477,Terminalversatz,2043.27770996094
1224,1760.25,555.925,2.25999,2477,Terminalversatz,2043.27770996094
1225,1757.81,534.196,2.25999,2477,Terminalversatz,2043.27770996094
1226,1737.97,589.618,2.25999,2477,Terminalversatz,2043.27770996094
1227,1705.93,561.785,2.25999,2477,Terminalversatz,2043.27770996094
1228,1688.53,546.159,2.25999,2477,Terminalversatz,2043.27770996094
1229,1720.88,583.514,2.25999,2477,Terminalversatz,2043.27770996094
1230,1737.97,557.878,2.25999,2477,Terminalversatz,2043.27770996094
1231,1748.04,557.878,2.25999,2477,Terminalversatz,2043.27770996094
1232,1748.04,546.159,2.25999,2477,Terminalversatz,2043.27770996094
1233,1735.53,569.842,2.27,2477,Terminalversatz,2043.27770996094
1234,1713.25,557.878,2.27,2477,Terminalversatz,2043.27770996094
1235,1728.21,581.561,2.27,2477,Terminalversatz,2043.27770996094
1236,1762.69,532.243,2.27,2477,Terminalversatz,2043.27770996094
1237,1780.09,555.925,2.27,2477,Terminalversatz,2043.27770996094
1238,1792.29,571.795,2.27,2477,Terminalversatz,2043.27770996094
1239,1787.41,536.149,2.27,2477,Terminalversatz,2043.27770996094
1240,1757.81,557.878,2.27,2477,Terminalversatz,2043.27770996094
1241,1733.09,559.832,2.27,2477,Terminalversatz,2043.27770996094
1242,1742.85,569.842,2.27,2477,Terminalversatz,2043.27770996094
1243,1760.25,550.066,2.27,2477,Terminalversatz,2043.27770996094
1244,1762.69,553.972,2.27,2477,Terminalversatz,2043.27770996094
1245,1760.25,538.102,2.28,2477,Terminalversatz,2043.27770996094
1246,1740.41,583.514,2.28,2477,Terminalversatz,2043.27770996094
1247,1705.93,557.878,2.28,2477,Terminalversatz,2043.27770996094
1248,1693.72,550.066,2.28,2477,Terminalversatz,2043.27770996094
1249,1723.32,579.608,2.28,2477,Terminalversatz,2043.27770996094
1250,1742.85,557.878,2.28,2477,Terminalversatz,2043.27770996094
1251,1750.48,552.019,2.28,2477,Terminalversatz,2043.27770996094
1252,1752.93,548.112,2.28,2477,Terminalversatz,2043.27770996094
1253,1735.53,565.935,2.28,2477,Terminalversatz,2043.27770996094
1254,1713.25,561.785,2.28,2477,Terminalversatz,2043.27770996094
1255,1730.65,575.701,2.28,2477,Terminalversatz,2043.27770996094
1256,1770.02,536.149,2.29,2477,Terminalversatz,2043.27770996094
1257,1784.97,559.832,2.29,2477,Terminalversatz,2043.27770996094
1258,1794.74,565.935,2.29,2477,Terminalversatz,2043.27770996094
1259,1789.85,542.009,2.29,2477,Terminalversatz,2043.27770996094
1260,1762.69,555.925,2.29,2477,Terminalversatz,2043.27770996094
1261,1735.53,563.738,2.29,2477,Terminalversatz,2043.27770996094
1262,1737.97,567.888,2.29,2477,Terminalversatz,2043.27770996094
1263,1755.37,550.066,2.29,2477,Terminalversatz,2043.27770996094
1264,1762.69,552.019,2.29,2477,Terminalversatz,2043.27770996094
1265,1765.13,546.159,2.29,2477,Terminalversatz,2043.27770996094
1266,1752.93,573.748,2.29,2477,Terminalversatz,2043.27770996094
1267,1718.13,552.019,2.29,2477,Terminalversatz,2043.27770996094
1268,1690.97,553.972,2.3,2477,Terminalversatz,2043.27770996094
1269,1713.25,571.795,2.3,2477,Terminalversatz,2043.27770996094
1270,1737.97,557.878,2.3,2477,Terminalversatz,2043.27770996094
1271,1750.48,553.972,2.3,2477,Terminalversatz,2043.27770996094
1272,1757.81,546.159,2.3,2477,Terminalversatz,2043.27770996094
1273,1745.3,567.888,2.3,2477,Terminalversatz,2043.27770996094
1274,1720.88,557.878,2.3,2477,Terminalversatz,2043.27770996094
1275,1715.69,577.654,2.3,2477,Terminalversatz,2043.27770996094
1276,1757.81,532.243,2.3,2477,Terminalversatz,2043.27770996094
1277,1777.65,557.878,2.3,2477,Terminalversatz,2043.27770996094
1278,1792.29,567.888,2.3,2477,Terminalversatz,2043.27770996094
1279,1797.18,538.102,2.3,2477,Terminalversatz,2043.27770996094
1280,1772.46,557.878,2.31,2477,Terminalversatz,2043.27770996094
1281,1745.3,559.832,2.31,2477,Terminalversatz,2043.27770996094
1282,1740.41,567.888,2.31,2477,Terminalversatz,2043.27770996094
1283,1760.25,550.066,2.31,2477,Terminalversatz,2043.27770996094
1284,1765.13,550.066,2.31,2477,Terminalversatz,2043.27770996094
1285,1767.57,542.009,2.31,2477,Terminalversatz,2043.27770996094
1286,1755.37,579.608,2.31,2477,Terminalversatz,2043.27770996094
1287,1723.32,555.925,2.31,2477,Terminalversatz,2043.27770996094
1288,1690.97,548.112,2.31,2477,Terminalversatz,2043.27770996094
1289,1715.69,575.701,2.31,2477,Terminalversatz,2043.27770996094
1290,1742.85,557.878,2.31,2477,Terminalversatz,2043.27770996094
1291,1750.48,548.112,2.31,2477,Terminalversatz,2043.27770996094
1292,1755.37,550.066,2.32,2477,Terminalversatz,2043.27770996094
1293,1748.04,563.738,2.32,2477,Terminalversatz,2043.27770996094
1294,1728.21,561.785,2.32,2477,Terminalversatz,2043.27770996094
1295,1720.88,571.795,2.32,2477,Terminalversatz,2043.27770996094
1296,1762.69,538.102,2.32,2477,Terminalversatz,2043.27770996094
1297,1782.53,561.785,2.32,2477,Terminalversatz,2043.27770996094
1298,1792.29,563.738,2.32,2477,Terminalversatz,2043.27770996094
1299,1794.74,546.159,2.32,2477,Terminalversatz,2043.27770996094
1300,1775.2,555.925,2.32,2477,Terminalversatz,2043.27770996094
1301,1748.04,569.842,2.32,2477,Terminalversatz,2043.27770996094
1302,1742.85,569.842,2.32,2477,Terminalversatz,2043.27770996094
1303,1762.69,540.056,2.32,2477,Terminalversatz,2043.27770996094
1304,1765.13,555.925,2.32999,2477,Terminalversatz,2043.27770996094
1305,1770.02,532.243,2.32999,2477,Terminalversatz,2043.27770996094
1306,1755.37,585.467,2.32999,2477,Terminalversatz,2043.27770996094
1307,1723.32,557.878,2.32999,2477,Terminalversatz,2043.27770996094
1308,1696.16,540.056,2.32999,2477,Terminalversatz,2043.27770996094
1309,1718.13,579.608,2.32999,2477,Terminalversatz,2043.27770996094
1310,1742.85,555.925,2.32999,2477,Terminalversatz,2043.27770996094
1311,1752.93,561.785,2.32999,2477,Terminalversatz,2043.27770996094
1312,1757.81,544.206,2.32999,2477,Terminalversatz,2043.27770996094
1313,1752.93,573.748,2.32999,2477,Terminalversatz,2043.27770996094
1314,1728.21,557.878,2.32999,2477,Terminalversatz,2043.27770996094
1315,1723.32,579.608,2.32999,2477,Terminalversatz,2043.27770996094
1316,1762.69,530.29,2.34,2477,Terminalversatz,2043.27770996094
1317,1784.97,553.972,2.34,2477,Terminalversatz,2043.27770996094
1318,1797.18,571.795,2.34,2477,Terminalversatz,2043.27770996094
1319,1799.62,532.243,2.34,2477,Terminalversatz,2043.27770996094
1320,1775.2,555.925,2.34,2477,Terminalversatz,2043.27770996094
1321,1748.04,555.925,2.34,2477,Terminalversatz,2043.27770996094
1322,1745.3,567.888,2.34,2477,Terminalversatz,2043.27770996094
1323,1762.69,544.206,2.34,2477,Terminalversatz,2043.27770996094
1324,1770.02,553.972,2.34,2477,Terminalversatz,2043.27770996094
1325,1770.02,536.149,2.34,2477,Terminalversatz,2043.27770996094
1326,1755.37,585.467,2.34,2477,Terminalversatz,2043.27770996094
1327,1720.88,555.925,2.34,2477,Terminalversatz,2043.27770996094
1328,1696.16,544.206,2.35,2477,Terminalversatz,2043.27770996094
1329,1723.32,585.467,2.35,2477,Terminalversatz,2043.27770996094
1330,1745.3,553.972,2.35,2477,Terminalversatz,2043.27770996094
1331,1757.81,553.972,2.35,2477,Terminalversatz,2043.27770996094
1332,1762.69,546.159,2.35,2477,Terminalversatz,2043.27770996094
1333,1750.48,567.888,2.35,2477,Terminalversatz,2043.27770996094
1334,1728.21,557.878,2.35,2477,Terminalversatz,2043.27770996094
1335,1728.21,575.701,2.35,2477,Terminalversatz,2043.27770996094
1336,1767.57,532.243,2.35,2477,Terminalversatz,2043.27770996094
1337,1789.85,555.925,2.35,2477,Terminalversatz,2043.27770996094
1338,1802.06,567.888,2.35,2477,Terminalversatz,2043.27770996094
1339,1804.81,536.149,2.36,2477,Terminalversatz,2043.27770996094
1340,1782.53,555.925,2.36,2477,Terminalversatz,2043.27770996094
1341,1752.93,561.785,2.36,2477,Terminalversatz,2043.27770996094
1342,1752.93,565.935,2.36,2477,Terminalversatz,2043.27770996094
1343,1770.02,548.112,2.36,2477,Terminalversatz,2043.27770996094
1344,1775.2,552.019,2.36,2477,Terminalversatz,2043.27770996094
1345,1777.65,542.009,2.36,2477,Terminalversatz,2043.27770996094
1346,1765.13,579.608,2.36,2477,Terminalversatz,2043.27770996094
1347,1733.09,555.925,2.36,2477,Terminalversatz,2043.27770996094
1348,1703.49,548.112,2.36,2477,Terminalversatz,2043.27770996094
1349,1730.65,577.654,2.36,2477,Terminalversatz,2043.27770996094
1350,1755.37,555.925,2.36,2477,Terminalversatz,2043.27770996094
1351,1762.69,548.112,2.37,2477,Terminalversatz,2043.27770996094
1352,1767.57,548.112,2.37,2477,Terminalversatz,2043.27770996094
1353,1757.81,561.785,2.37,2477,Terminalversatz,2043.27770996094
1354,1735.53,561.785,2.37,2477,Terminalversatz,2043.27770996094
1355,1733.09,573.748,2.37,2477,Terminalversatz,2043.27770996094
1356,1775.2,538.102,2.37,2477,Terminalversatz,2043.27770996094
1357,1797.18,559.832,2.37,2477,Terminalversatz,2043.27770996094
1358,1809.69,561.785,2.37,2477,Terminalversatz,2043.27770996094
1359,1812.13,540.056,2.37,2477,Terminalversatz,2043.27770996094
1360,1787.41,557.878,2.37,2477,Terminalversatz,2043.27770996094
1361,1757.81,565.935,2.37,2477,Terminalversatz,2043.27770996094
1362,1757.81,565.935,2.38,2477,Terminalversatz,2043.27770996094
1363,1775.2,550.066,2.38,2477,Terminalversatz,2043.27770996094
1364,1780.09,546.159,2.38,2477,Terminalversatz,2043.27770996094
1365,1780.09,530.29,2.38,2477,Terminalversatz,2043.27770996094
1366,1767.57,585.467,2.38,2477,Terminalversatz,2043.27770996094
1367,1733.09,559.832,2.38,2477,Terminalversatz,2043.27770996094
1368,1708.37,540.056,2.38,2477,Terminalversatz,2043.27770996094
1369,1730.65,577.654,2.38,2477,Terminalversatz,2043.27770996094
1370,1755.37,557.878,2.38,2477,Terminalversatz,2043.27770996094
1371,1765.13,559.832,2.38,2477,Terminalversatz,2043.27770996094
1372,1770.02,544.206,2.38,2477,Terminalversatz,2043.27770996094
1373,1760.25,573.748,2.38,2477,Terminalversatz,2043.27770996094
1374,1735.53,555.925,2.39,2477,Terminalversatz,2043.27770996094
1375,1735.53,583.514,2.39,2477,Terminalversatz,2043.27770996094
1376,1775.2,528.336,2.39,2477,Terminalversatz,2043.27770996094
1377,1794.74,553.972,2.39,2477,Terminalversatz,2043.27770996094
1378,1807.25,571.795,2.39,2477,Terminalversatz,2043.27770996094
1379,1807.25,534.196,2.39,2477,Terminalversatz,2043.27770996094
1380,1787.41,555.925,2.39,2477,Terminalversatz,2043.27770996094
1381,1757.81,553.972,2.39,2477,Terminalversatz,2043.27770996094
1382,1757.81,565.935,2.39,2477,Terminalversatz,2043.27770996094
1383,1777.65,542.009,2.39,2477,Terminalversatz,2043.27770996094
1384,1782.53,555.925,2.39,2477,Terminalversatz,2043.27770996094
1385,1784.97,532.243,2.39999,2477,Terminalversatz,2043.27770996094
1386,1767.57,585.467,2.39999,2477,Terminalversatz,2043.27770996094
1387,1735.53,557.878,2.39999,2477,Terminalversatz,2043.27770996094
1388,1708.37,544.206,2.39999,2477,Terminalversatz,2043.27770996094
1389,1737.97,581.561,2.39999,2477,Terminalversatz,2043.27770996094
1390,1757.81,555.925,2.39999,2477,Terminalversatz,2043.27770996094
1391,1770.02,553.972,2.39999,2477,Terminalversatz,2043.27770996094
1392,1772.46,544.206,2.39999,2477,Terminalversatz,2043.27770996094
1393,1760.25,565.935,2.39999,2477,Terminalversatz,2043.27770996094
1394,1740.41,555.925,2.39999,2477,Terminalversatz,2043.27770996094
1395,1740.41,577.654,2.39999,2477,Terminalversatz,2043.27770996094
1396,1780.09,528.336,2.39999,2477,Terminalversatz,2043.27770996094
1397,1799.62,553.972,2.41,2477,Terminalversatz,2043.27770996094
1398,1812.13,567.888,2.41,2477,Terminalversatz,2043.27770996094
1399,1812.13,536.149,2.41,2477,Terminalversatz,2043.27770996094
1400,1787.41,555.925,2.41,2477,Terminalversatz,2043.27770996094
1401,1760.25,557.878,2.41,2477,Terminalversatz,2043.27770996094
1402,1762.69,565.935,2.41,2477,Terminalversatz,2043.27770996094
1403,1780.09,544.206,2.41,2477,Terminalversatz,2043.27770996094
1404,1789.85,553.972,2.41,2477,Terminalversatz,2043.27770996094
1405,1787.41,540.056,2.41,2477,Terminalversatz,2043.27770996094
1406,1772.46,581.561,2.41,2477,Terminalversatz,2043.27770996094
1407,1740.41,555.925,2.41,2477,Terminalversatz,2043.27770996094
1408,1715.69,544.206,2.42,2477,Terminalversatz,2043.27770996094
1409,1737.97,579.608,2.42,2477,Terminalversatz,2043.27770996094
1410,1762.69,553.972,2.42,2477,Terminalversatz,2043.27770996094
1411,1772.46,550.066,2.42,2477,Terminalversatz,2043.27770996094
1412,1777.65,546.159,2.42,2477,Terminalversatz,2043.27770996094
1413,1765.13,561.785,2.42,2477,Terminalversatz,2043.27770996094
1414,1745.3,559.832,2.42,2477,Terminalversatz,2043.27770996094
1415,1745.3,571.795,2.42,2477,Terminalversatz,2043.27770996094
1416,1787.41,534.196,2.42,2477,Terminalversatz,2043.27770996094
1417,1807.25,559.832,2.42,2477,Terminalversatz,2043.27770996094
1418,1819.46,563.738,2.43,2477,Terminalversatz,2043.27770996094
1419,1817.01,542.009,2.43,2477,Terminalversatz,2043.27770996094
1420,1792.29,555.925,2.43,2477,Terminalversatz,2043.27770996094
1421,1767.57,563.738,2.43,2477,Terminalversatz,2043.27770996094
1422,1767.57,565.935,2.43,2477,Terminalversatz,2043.27770996094
1423,1784.97,548.112,2.43,2477,Terminalversatz,2043.27770996094
1424,1789.85,548.112,2.43,2477,Terminalversatz,2043.27770996094
1425,1792.29,544.206,2.43,2477,Terminalversatz,2043.27770996094
1426,1775.2,577.654,2.43,2477,Terminalversatz,2043.27770996094
1427,1740.41,552.019,2.43,2477,Terminalversatz,2043.27770996094
1428,1715.69,542.009,2.43,2477,Terminalversatz,2043.27770996094
1429,1745.3,583.514,2.43,2477,Terminalversatz,2043.27770996094
1430,1767.57,555.925,2.43999,2477,Terminalversatz,2043.27770996094
1431,1780.09,550.066,2.43999,2477,Terminalversatz,2043.27770996094
1432,1784.97,546.159,2.43999,2477,Terminalversatz,2043.27770996094
1433,1772.46,563.738,2.43999,2477,Terminalversatz,2043.27770996094
1434,1748.04,553.972,2.43999,2477,Terminalversatz,2043.27770996094
1435,1752.93,575.701,2.43999,2477,Terminalversatz,2043.27770996094
1436,1792.29,532.243,2.43999,2477,Terminalversatz,2043.27770996094
1437,1814.57,557.878,2.43999,2477,Terminalversatz,2043.27770996094
1438,1824.34,563.738,2.43999,2477,Terminalversatz,2043.27770996094
1439,1821.9,536.149,2.43999,2477,Terminalversatz,2043.27770996094
1440,1799.62,553.972,2.45,2477,Terminalversatz,2043.27770996094
1441,1770.02,557.878,2.45,2477,Terminalversatz,2043.27770996094
1442,1772.46,565.935,2.45,2477,Terminalversatz,2043.27770996094
1443,1792.29,548.112,2.45,2477,Terminalversatz,2043.27770996094
1444,1794.74,548.112,2.45,2477,Terminalversatz,2043.27770996094
1445,1794.74,540.056,2.45,2477,Terminalversatz,2043.27770996094
1446,1780.09,579.608,2.45,2477,Terminalversatz,2043.27770996094
1447,1742.85,550.066,2.45,2477,Terminalversatz,2043.27770996094
1448,1723.32,546.159,2.45,2477,Terminalversatz,2043.27770996094
1449,1752.93,575.701,2.45,2477,Terminalversatz,2043.27770996094
1450,1772.46,553.972,2.45,2477,Terminalversatz,2043.27770996094
1451,1784.97,546.159,2.46,2477,Terminalversatz,2043.27770996094
1452,1789.85,546.159,2.46,2477,Terminalversatz,2043.27770996094
1453,1775.2,561.785,2.46,2477,Terminalversatz,2043.27770996094
1454,1750.48,561.785,2.46,2477,Terminalversatz,2043.27770996094
1455,1755.37,571.795,2.46,2477,Terminalversatz,2043.27770996094
1456,1797.18,536.149,2.46,2477,Terminalversatz,2043.27770996094
1457,1817.01,559.832,2.46,2477,Terminalversatz,2043.27770996094
1458,1829.22,561.785,2.46,2477,Terminalversatz,2043.27770996094
1459,1829.22,538.102,2.46,2477,Terminalversatz,2043.27770996094
1460,1799.62,555.925,2.46,2477,Terminalversatz,2043.27770996094
1461,1775.2,552.019,2.46,2477,Terminalversatz,2043.27770996094
1462,1780.09,565.935,2.46999,2477,Terminalversatz,2043.27770996094
1463,1797.18,538.102,2.46999,2477,Terminalversatz,2043.27770996094
1464,1802.06,553.972,2.46999,2477,Terminalversatz,2043.27770996094
1465,1802.06,530.29,2.46999,2477,Terminalversatz,2043.27770996094
1466,1782.53,585.467,2.46999,2477,Terminalversatz,2043.27770996094
1467,1750.48,557.878,2.46999,2477,Terminalversatz,2043.27770996094
1468,1725.76,538.102,2.46999,2477,Terminalversatz,2043.27770996094
1469,1755.37,575.701,2.46999,2477,Terminalversatz,2043.27770996094
1470,1777.65,555.925,2.46999,2477,Terminalversatz,2043.27770996094
1471,1787.41,557.878,2.46999,2477,Terminalversatz,2043.27770996094
1472,1789.85,542.009,2.46999,2477,Terminalversatz,2043.27770996094
1473,1777.65,569.842,2.48,2477,Terminalversatz,2043.27770996094
1474,1755.37,555.925,2.48,2477,Terminalversatz,2043.27770996094
1475,1757.81,577.654,2.48,2477,Terminalversatz,2043.27770996094
1476,1797.18,528.336,2.48,2477,Terminalversatz,2043.27770996094
1477,1819.46,553.972,2.48,2477,Terminalversatz,2043.27770996094
1478,1829.22,569.842,2.48,2477,Terminalversatz,2043.27770996094
1479,1829.22,530.29,2.48,2477,Terminalversatz,2043.27770996094
1480,1802.06,555.925,2.48,2477,Terminalversatz,2043.27770996094
1481,1777.65,552.019,2.48,2477,Terminalversatz,2043.27770996094
1482,1780.09,567.888,2.48,2477,Terminalversatz,2043.27770996094
1483,1797.18,544.206,2.49,2477,Terminalversatz,2043.27770996094
1484,1802.06,553.972,2.49,2477,Terminalversatz,2043.27770996094
1485,1804.81,532.243,2.49,2477,Terminalversatz,2043.27770996094
1486,1787.41,585.467,2.49,2477,Terminalversatz,2043.27770996094
1487,1752.93,553.972,2.49,2477,Terminalversatz,2043.27770996094
1488,1730.65,540.056,2.49,2477,Terminalversatz,2043.27770996094
1489,1762.69,581.561,2.49,2477,Terminalversatz,2043.27770996094
1490,1782.53,552.019,2.49,2477,Terminalversatz,2043.27770996094
1491,1792.29,552.019,2.49,2477,Terminalversatz,2043.27770996094
1492,1794.74,544.206,2.49,2477,Terminalversatz,2043.27770996094
1493,1782.53,565.935,2.5,2477,Terminalversatz,2043.27770996094
1494,1760.25,553.972,2.5,2477,Terminalversatz,2043.27770996094
1495,1765.13,573.748,2.5,2477,Terminalversatz,2043.27770996094
1496,1807.25,528.336,2.5,2477,Terminalversatz,2043.27770996094
1497,1824.34,553.972,2.5,2477,Terminalversatz,2043.27770996094
1498,1836.85,565.935,2.5,2477,Terminalversatz,2043.27770996094
1499,1836.85,534.196,2.5,2477,Terminalversatz,2043.27770996094
1500,1807.25,553.972,2.5,2477,Terminalversatz,2043.27770996094
1501,1780.09,555.925,2.5,2477,Terminalversatz,2043.27770996094
1502,1784.97,565.935,2.5,2477,Terminalversatz,2043.27770996094
1503,1799.62,542.009,2.5,2477,Terminalversatz,2043.27770996094
1504,1809.69,552.019,2.50999,2477,Terminalversatz,2043.27770996094
1505,1809.69,538.102,2.50999,2477,Terminalversatz,2043.27770996094
1506,1789.85,579.608,2.50999,2477,Terminalversatz,2043.27770996094
1507,1755.37,553.972,2.50999,2477,Terminalversatz,2043.27770996094
1508,1735.53,544.206,2.50999,2477,Terminalversatz,2043.27770996094
1509,1765.13,575.701,2.50999,2477,Terminalversatz,2043.27770996094
1510,1782.53,553.972,2.50999,2477,Terminalversatz,2043.27770996094
1511,1794.74,546.159,2.50999,2477,Terminalversatz,2043.27770996094
1512,1794.74,546.159,2.50999,2477,Terminalversatz,2043.27770996094
1513,1784.97,561.785,2.50999,2477,Terminalversatz,2043.27770996094
1514,1762.69,559.832,2.52,2477,Terminalversatz,2043.27770996094
1515,1770.02,569.842,2.52,2477,Terminalversatz,2043.27770996094
1516,1809.69,534.196,2.52,2477,Terminalversatz,2043.27770996094
1517,1829.22,557.878,2.52,2477,Terminalversatz,2043.27770996094
1518,1841.73,559.832,2.52,2477,Terminalversatz,2043.27770996094
1519,1839.29,540.056,2.52,2477,Terminalversatz,2043.27770996094
1520,1812.13,555.925,2.52,2477,Terminalversatz,2043.27770996094
1521,1784.97,561.785,2.52,2477,Terminalversatz,2043.27770996094
1522,1792.29,567.888,2.52,2477,Terminalversatz,2043.27770996094
1523,1807.25,538.102,2.52,2477,Terminalversatz,2043.27770996094
1524,1814.57,552.019,2.53,2477,Terminalversatz,2043.27770996094
1525,1814.57,526.383,2.53,2477,Terminalversatz,2043.27770996094
1526,1797.18,581.561,2.53,2477,Terminalversatz,2043.27770996094
1527,1760.25,555.925,2.53,2477,Terminalversatz,2043.27770996094
1528,1740.41,538.102,2.53,2477,Terminalversatz,2043.27770996094
1529,1772.46,575.701,2.53,2477,Terminalversatz,2043.27770996094
1530,1789.85,553.972,2.53,2477,Terminalversatz,2043.27770996094
1531,1802.06,555.925,2.53,2477,Terminalversatz,2043.27770996094
1532,1807.25,542.009,2.53,2477,Terminalversatz,2043.27770996094
1533,1789.85,569.842,2.53,2477,Terminalversatz,2043.27770996094
1534,1767.57,553.972,2.54,2477,Terminalversatz,2043.27770996094
1535,1775.2,579.608,2.54,2477,Terminalversatz,2043.27770996094
1536,1819.46,524.43,2.54,2477,Terminalversatz,2043.27770996094
1537,1834.41,552.019,2.54,2477,Terminalversatz,2043.27770996094
1538,1849.06,569.842,2.54,2477,Terminalversatz,2043.27770996094
1539,1841.73,530.29,2.54,2477,Terminalversatz,2043.27770996094
1540,1821.9,555.925,2.54,2477,Terminalversatz,2043.27770996094
1541,1792.29,550.066,2.54,2477,Terminalversatz,2043.27770996094
1542,1797.18,567.888,2.54,2477,Terminalversatz,2043.27770996094
1543,1814.57,540.056,2.54,2477,Terminalversatz,2043.27770996094
1544,1819.46,553.972,2.54,2477,Terminalversatz,2043.27770996094
1545,1819.46,532.243,2.55,2477,Terminalversatz,2043.27770996094
1546,1802.06,583.514,2.55,2477,Terminalversatz,2043.27770996094
1547,1765.13,557.878,2.55,2477,Terminalversatz,2043.27770996094
1548,1745.3,538.102,2.55,2477,Terminalversatz,2043.27770996094
1549,1777.65,579.608,2.55,2477,Terminalversatz,2043.27770996094
1550,1799.62,552.019,2.55,2477,Terminalversatz,2043.27770996094
1551,1809.69,552.019,2.55,2477,Terminalversatz,2043.27770996094
1552,1809.69,540.056,2.55,2477,Terminalversatz,2043.27770996094
1553,1797.18,563.738,2.55,2477,Terminalversatz,2043.27770996094
1554,1775.2,553.972,2.55,2477,Terminalversatz,2043.27770996094
1555,1784.97,577.654,2.56,2477,Terminalversatz,2043.27770996094
1556,1826.78,528.336,2.56,2477,Terminalversatz,2043.27770996094
1557,1844.18,553.972,2.56,2477,Terminalversatz,2043.27770996094
1558,1856.38,565.935,2.56,2477,Terminalversatz,2043.27770996094
1559,1851.5,530.29,2.56,2477,Terminalversatz,2043.27770996094
1560,1826.78,553.972,2.56,2477,Terminalversatz,2043.27770996094
1561,1799.62,555.925,2.56,2477,Terminalversatz,2043.27770996094
1562,1804.81,561.785,2.56,2477,Terminalversatz,2043.27770996094
1563,1824.34,544.206,2.56,2477,Terminalversatz,2043.27770996094
1564,1826.78,550.066,2.56,2477,Terminalversatz,2043.27770996094
1565,1826.78,534.196,2.57,2477,Terminalversatz,2043.27770996094
1566,1804.81,577.654,2.57,2477,Terminalversatz,2043.27770996094
1567,1770.02,552.019,2.57,2477,Terminalversatz,2043.27770996094
1568,1752.93,544.206,2.57,2477,Terminalversatz,2043.27770996094
1569,1787.41,575.701,2.57,2477,Terminalversatz,2043.27770996094
1570,1807.25,552.019,2.57,2477,Terminalversatz,2043.27770996094
1571,1817.01,544.206,2.57,2477,Terminalversatz,2043.27770996094
1572,1819.46,542.009,2.57,2477,Terminalversatz,2043.27770996094
1573,1804.81,559.832,2.57,2477,Terminalversatz,2043.27770996094
1574,1782.53,557.878,2.57,2477,Terminalversatz,2043.27770996094
1575,1789.85,571.795,2.57,2477,Terminalversatz,2043.27770996094
1576,1831.97,532.243,2.57999,2477,Terminalversatz,2043.27770996094
1577,1851.5,555.925,2.57999,2477,Terminalversatz,2043.27770996094
1578,1859.13,561.785,2.57999,2477,Terminalversatz,2043.27770996094
1579,1853.94,538.102,2.57999,2477,Terminalversatz,2043.27770996094
1580,1829.22,553.972,2.57999,2477,Terminalversatz,2043.27770996094
1581,1802.06,561.785,2.57999,2477,Terminalversatz,2043.27770996094
1582,1809.69,563.738,2.57999,2477,Terminalversatz,2043.27770996094
1583,1824.34,546.159,2.57999,2477,Terminalversatz,2043.27770996094
1584,1831.97,542.009,2.57999,2477,Terminalversatz,2043.27770996094
1585,1831.97,532.243,2.57999,2477,Terminalversatz,2043.27770996094
1586,1809.69,581.561,2.59,2477,Terminalversatz,2043.27770996094
1587,1775.2,553.972,2.59,2477,Terminalversatz,2043.27770996094
1588,1757.81,542.009,2.59,2477,Terminalversatz,2043.27770996094
1589,1789.85,577.654,2.59,2477,Terminalversatz,2043.27770996094
1590,1812.13,553.972,2.59,2477,Terminalversatz,2043.27770996094
1591,1821.9,550.066,2.59,2477,Terminalversatz,2043.27770996094
1592,1824.34,544.206,2.59,2477,Terminalversatz,2043.27770996094
1593,1804.81,561.785,2.59,2477,Terminalversatz,2043.27770996094
1594,1784.97,553.972,2.59,2477,Terminalversatz,2043.27770996094
1595,1797.18,569.842,2.59,2477,Terminalversatz,2043.27770996094
1596,1834.41,530.29,2.6,2477,Terminalversatz,2043.27770996094
1597,1851.5,553.972,2.6,2477,Terminalversatz,2043.27770996094
1598,1864.01,563.738,2.6,2477,Terminalversatz,2043.27770996094
1599,1861.57,532.243,2.6,2477,Terminalversatz,2043.27770996094
1600,1831.97,552.019,2.6,2477,Terminalversatz,2043.27770996094
1601,1807.25,555.925,2.6,2477,Terminalversatz,2043.27770996094
1602,1817.01,563.738,2.6,2477,Terminalversatz,2043.27770996094
1603,1829.22,544.206,2.6,2477,Terminalversatz,2043.27770996094
1604,1836.85,548.112,2.6,2477,Terminalversatz,2043.27770996094
1605,1834.41,538.102,2.6,2477,Terminalversatz,2043.27770996094
1606,1814.57,575.701,2.61,2477,Terminalversatz,2043.27770996094
1607,1777.65,550.066,2.61,2477,Terminalversatz,2043.27770996094
1608,1762.69,548.112,2.61,2477,Terminalversatz,2043.27770996094
1609,1797.18,571.795,2.61,2477,Terminalversatz,2043.27770996094
1610,1817.01,553.972,2.61,2477,Terminalversatz,2043.27770996094
1611,1826.78,540.056,2.61,2477,Terminalversatz,2043.27770996094
1612,1826.78,546.159,2.61,2477,Terminalversatz,2043.27770996094
1613,1812.13,559.832,2.61,2477,Terminalversatz,2043.27770996094
1614,1787.41,561.785,2.61,2477,Terminalversatz,2043.27770996094
1615,1804.81,569.842,2.62,2477,Terminalversatz,2043.27770996094
1616,1841.73,532.243,2.62,2477,Terminalversatz,2043.27770996094
1617,1861.57,550.066,2.62,2477,Terminalversatz,2043.27770996094
1618,1873.78,569.842,2.62,2477,Terminalversatz,2043.27770996094
1619,1866.45,532.243,2.62,2477,Terminalversatz,2043.27770996094
1620,1839.29,552.019,2.62,2477,Terminalversatz,2043.27770996094
1621,1812.13,548.112,2.62,2477,Terminalversatz,2043.27770996094
1622,1821.9,563.738,2.62,2477,Terminalversatz,2043.27770996094
1623,1836.85,536.149,2.62,2477,Terminalversatz,2043.27770996094
1624,1841.73,550.066,2.63,2477,Terminalversatz,2043.27770996094
1625,1841.73,526.383,2.63,2477,Terminalversatz,2043.27770996094
1626,1817.01,581.561,2.63,2477,Terminalversatz,2043.27770996094
1627,1782.53,553.972,2.63,2477,Terminalversatz,2043.27770996094
1628,1770.02,538.102,2.63,2477,Terminalversatz,2043.27770996094
1629,1802.06,573.748,2.63,2477,Terminalversatz,2043.27770996094
1630,1821.9,550.066,2.63,2477,Terminalversatz,2043.27770996094
1631,1831.97,555.925,2.63,2477,Terminalversatz,2043.27770996094
1632,1831.97,538.102,2.63,2477,Terminalversatz,2043.27770996094
1633,1824.34,569.842,2.64,2477,Terminalversatz,2043.27770996094
1634,1797.18,552.019,2.64,2477,Terminalversatz,2043.27770996094
1635,1794.74,575.701,2.64,2477,Terminalversatz,2043.27770996094
1636,1834.41,522.477,2.64,2477,Terminalversatz,2043.27770996094
1637,1861.57,550.066,2.64,2477,Terminalversatz,2043.27770996094
1638,1876.22,565.935,2.64,2477,Terminalversatz,2043.27770996094
1639,1878.66,524.43,2.64,2477,Terminalversatz,2043.27770996094
1640,1853.94,550.066,2.64,2477,Terminalversatz,2043.27770996094
1641,1829.22,550.066,2.64,2477,Terminalversatz,2043.27770996094
1642,1821.9,561.785,2.64999,2477,Terminalversatz,2043.27770996094
1643,1844.18,538.102,2.64999,2477,Terminalversatz,2043.27770996094
1644,1849.06,550.066,2.64999,2477,Terminalversatz,2043.27770996094
1645,1851.5,532.243,2.64999,2477,Terminalversatz,2043.27770996094
1646,1839.29,581.561,2.64999,2477,Terminalversatz,2043.27770996094
1647,1804.81,552.019,2.64999,2477,Terminalversatz,2043.27770996094
1648,1777.65,538.102,2.64999,2477,Terminalversatz,2043.27770996094
1649,1794.74,579.608,2.64999,2477,Terminalversatz,2043.27770996094
1650,1824.34,552.019,2.64999,2477,Terminalversatz,2043.27770996094
1651,1834.41,550.066,2.66,2477,Terminalversatz,2043.27770996094
1652,1841.73,542.009,2.66,2477,Terminalversatz,2043.27770996094
1653,1831.97,563.738,2.66,2477,Terminalversatz,2043.27770996094
1654,1809.69,550.066,2.66,2477,Terminalversatz,2043.27770996094
1655,1802.06,571.795,2.66,2477,Terminalversatz,2043.27770996094
1656,1844.18,524.43,2.66,2477,Terminalversatz,2043.27770996094
1657,1868.9,550.066,2.66,2477,Terminalversatz,2043.27770996094
1658,1883.55,563.738,2.66,2477,Terminalversatz,2043.27770996094
1659,1883.55,528.336,2.67,2477,Terminalversatz,2043.27770996094
1660,1866.45,550.066,2.67,2477,Terminalversatz,2043.27770996094
1661,1831.97,555.925,2.67,2477,Terminalversatz,2043.27770996094
1662,1829.22,561.785,2.67,2477,Terminalversatz,2043.27770996094
1663,1846.62,542.009,2.67,2477,Terminalversatz,2043.27770996094
1664,1856.38,546.159,2.67,2477,Terminalversatz,2043.27770996094
1665,1859.13,536.149,2.67,2477,Terminalversatz,2043.27770996094
1666,1844.18,575.701,2.67,2477,Terminalversatz,2043.27770996094
1667,1812.13,550.066,2.68,2477,Terminalversatz,2043.27770996094
1668,1782.53,544.206,2.68,2477,Terminalversatz,2043.27770996094
1669,1804.81,573.748,2.68,2477,Terminalversatz,2043.27770996094
1670,1831.97,550.066,2.68,2477,Terminalversatz,2043.27770996094
1671,1844.18,540.056,2.68,2477,Terminalversatz,2043.27770996094
1672,1849.06,542.009,2.68,2477,Terminalversatz,2043.27770996094
1673,1839.29,559.832,2.68,2477,Terminalversatz,2043.27770996094
1674,1812.13,553.972,2.68,2477,Terminalversatz,2043.27770996094
1675,1809.69,567.888,2.68,2477,Terminalversatz,2043.27770996094
1676,1851.5,528.336,2.68999,2477,Terminalversatz,2043.27770996094
1677,1878.66,553.972,2.68999,2477,Terminalversatz,2043.27770996094
1678,1888.73,559.832,2.68999,2477,Terminalversatz,2043.27770996094
1679,1891.17,536.149,2.68999,2477,Terminalversatz,2043.27770996094
1680,1868.9,550.066,2.68999,2477,Terminalversatz,2043.27770996094
1681,1839.29,544.206,2.68999,2477,Terminalversatz,2043.27770996094
1682,1834.41,565.935,2.68999,2477,Terminalversatz,2043.27770996094
1683,1853.94,532.243,2.68999,2477,Terminalversatz,2043.27770996094
1684,1864.01,546.159,2.7,2477,Terminalversatz,2043.27770996094
1685,1864.01,524.43,2.7,2477,Terminalversatz,2043.27770996094
1686,1851.5,577.654,2.7,2477,Terminalversatz,2043.27770996094
1687,1817.01,552.019,2.7,2477,Terminalversatz,2043.27770996094
1688,1789.85,532.243,2.7,2477,Terminalversatz,2043.27770996094
1689,1812.13,571.795,2.7,2477,Terminalversatz,2043.27770996094
1690,1841.73,552.019,2.7,2477,Terminalversatz,2043.27770996094
1691,1851.5,555.925,2.7,2477,Terminalversatz,2043.27770996094
1692,1859.13,538.102,2.71,2477,Terminalversatz,2043.27770996094
1693,1849.06,567.888,2.71,2477,Terminalversatz,2043.27770996094
1694,1826.78,550.066,2.71,2477,Terminalversatz,2043.27770996094
1695,1817.01,577.654,2.71,2477,Terminalversatz,2043.27770996094
1696,1861.57,522.477,2.71,2477,Terminalversatz,2043.27770996094
1697,1888.73,548.112,2.71,2477,Terminalversatz,2043.27770996094
1698,1900.94,567.888,2.71,2477,Terminalversatz,2043.27770996094
1699,1903.38,528.336,2.71,2477,Terminalversatz,2043.27770996094
1700,1878.66,552.019,2.71999,2477,Terminalversatz,2043.27770996094
1701,1849.06,546.159,2.71999,2477,Terminalversatz,2043.27770996094
1702,1846.62,561.785,2.71999,2477,Terminalversatz,2043.27770996094
1703,1868.9,536.149,2.71999,2477,Terminalversatz,2043.27770996094
1704,1873.78,546.159,2.71999,2477,Terminalversatz,2043.27770996094
1705,1878.66,528.336,2.71999,2477,Terminalversatz,2043.27770996094
1706,1861.57,583.514,2.71999,2477,Terminalversatz,2043.27770996094
1707,1829.22,552.019,2.71999,2477,Terminalversatz,2043.27770996094
1708,1799.62,536.149,2.73,2477,Terminalversatz,2043.27770996094
1709,1824.34,577.654,2.73,2477,Terminalversatz,2043.27770996094
1710,1851.5,548.112,2.73,2477,Terminalversatz,2043.27770996094
1711,1864.01,550.066,2.73,2477,Terminalversatz,2043.27770996094
1712,1871.34,536.149,2.73,2477,Terminalversatz,2043.27770996094
1713,1859.13,563.738,2.73,2477,Terminalversatz,2043.27770996094
1714,1834.41,552.019,2.73,2477,Terminalversatz,2043.27770996094
1715,1831.97,571.795,2.73,2477,Terminalversatz,2043.27770996094
1716,1873.78,524.43,2.74,2477,Terminalversatz,2043.27770996094
1717,1900.94,548.112,2.74,2477,Terminalversatz,2043.27770996094
1718,1915.89,563.738,2.74,2477,Terminalversatz,2043.27770996094
1719,1918.34,530.29,2.74,2477,Terminalversatz,2043.27770996094
1720,1893.62,550.066,2.74,2477,Terminalversatz,2043.27770996094
1721,1861.57,553.972,2.74,2477,Terminalversatz,2043.27770996094
1722,1859.13,557.878,2.74,2477,Terminalversatz,2043.27770996094
1723,1878.66,540.056,2.74,2477,Terminalversatz,2043.27770996094
1724,1886.29,544.206,2.75,2477,Terminalversatz,2043.27770996094
1725,1888.73,530.29,2.75,2477,Terminalversatz,2043.27770996094
1726,1873.78,575.701,2.75,2477,Terminalversatz,2043.27770996094
1727,1839.29,548.112,2.75,2477,Terminalversatz,2043.27770996094
1728,1812.13,540.056,2.75,2477,Terminalversatz,2043.27770996094
1729,1834.41,573.748,2.75,2477,Terminalversatz,2043.27770996094
1730,1864.01,550.066,2.75,2477,Terminalversatz,2043.27770996094
1731,1876.22,544.206,2.75,2477,Terminalversatz,2043.27770996094
1732,1881.1,540.056,2.75999,2477,Terminalversatz,2043.27770996094
1733,1871.34,559.832,2.75999,2477,Terminalversatz,2043.27770996094
1734,1844.18,553.972,2.75999,2477,Terminalversatz,2043.27770996094
1735,1839.29,569.842,2.75999,2477,Terminalversatz,2043.27770996094
1736,1883.55,530.29,2.75999,2477,Terminalversatz,2043.27770996094
1737,1908.27,553.972,2.75999,2477,Terminalversatz,2043.27770996094
1738,1925.66,557.878,2.75999,2477,Terminalversatz,2043.27770996094
1739,1920.78,536.149,2.75999,2477,Terminalversatz,2043.27770996094
1740,1900.94,550.066,2.77,2477,Terminalversatz,2043.27770996094
1741,1868.9,559.832,2.77,2477,Terminalversatz,2043.27770996094
1742,1864.01,561.785,2.77,2477,Terminalversatz,2043.27770996094
1743,1888.73,538.102,2.77,2477,Terminalversatz,2043.27770996094
1744,1893.62,546.159,2.77,2477,Terminalversatz,2043.27770996094
1745,1896.06,528.336,2.77,2477,Terminalversatz,2043.27770996094
1746,1878.66,581.561,2.77,2477,Terminalversatz,2043.27770996094
1747,1841.73,550.066,2.77,2477,Terminalversatz,2043.27770996094
1748,1814.57,536.149,2.78,2477,Terminalversatz,2043.27770996094
1749,1841.73,577.654,2.78,2477,Terminalversatz,2043.27770996094
1750,1871.34,548.112,2.78,2477,Terminalversatz,2043.27770996094
1751,1881.1,548.112,2.78,2477,Terminalversatz,2043.27770996094
1752,1886.29,536.149,2.78,2477,Terminalversatz,2043.27770996094
1753,1871.34,561.785,2.78,2477,Terminalversatz,2043.27770996094
1754,1849.06,552.019,2.78,2477,Terminalversatz,2043.27770996094
1755,1846.62,571.795,2.79,2477,Terminalversatz,2043.27770996094
1756,1891.17,524.43,2.79,2477,Terminalversatz,2043.27770996094
1757,1915.89,548.112,2.79,2477,Terminalversatz,2043.27770996094
1758,1930.54,561.785,2.79,2477,Terminalversatz,2043.27770996094
1759,1928.1,530.29,2.79,2477,Terminalversatz,2043.27770996094
1760,1905.82,550.066,2.79,2477,Terminalversatz,2043.27770996094
1761,1873.78,553.972,2.79,2477,Terminalversatz,2043.27770996094
1762,1873.78,561.785,2.79,2477,Terminalversatz,2043.27770996094
1763,1896.06,542.009,2.8,2477,Terminalversatz,2043.27770996094
1764,1903.38,546.159,2.8,2477,Terminalversatz,2043.27770996094
1765,1905.82,532.243,2.8,2477,Terminalversatz,2043.27770996094
1766,1888.73,575.701,2.8,2477,Terminalversatz,2043.27770996094
1767,1853.94,546.159,2.8,2477,Terminalversatz,2043.27770996094
1768,1824.34,542.009,2.8,2477,Terminalversatz,2043.27770996094
1769,1853.94,569.842,2.8,2477,Terminalversatz,2043.27770996094
1770,1881.1,550.066,2.8,2477,Terminalversatz,2043.27770996094
1771,1891.17,540.056,2.81,2477,Terminalversatz,2043.27770996094
1772,1896.06,542.009,2.81,2477,Terminalversatz,2043.27770996094
1773,1883.55,555.925,2.81,2477,Terminalversatz,2043.27770996094
1774,1861.57,557.878,2.81,2477,Terminalversatz,2043.27770996094
1775,1859.13,575.701,2.81,2477,Terminalversatz,2043.27770996094
1776,1900.94,526.383,2.81,2477,Terminalversatz,2043.27770996094
1777,1928.1,546.159,2.81,2477,Terminalversatz,2043.27770996094
1778,1943.06,567.888,2.81,2477,Terminalversatz,2043.27770996094
1779,1940.61,530.29,2.82,2477,Terminalversatz,2043.27770996094
1780,1915.89,548.112,2.82,2477,Terminalversatz,2043.27770996094
1781,1883.55,544.206,2.82,2477,Terminalversatz,2043.27770996094
1782,1883.55,561.785,2.82,2477,Terminalversatz,2043.27770996094
1783,1908.27,532.243,2.82,2477,Terminalversatz,2043.27770996094
1784,1913.45,544.206,2.82,2477,Terminalversatz,2043.27770996094
1785,1915.89,522.477,2.82,2477,Terminalversatz,2043.27770996094
1786,1900.94,579.608,2.82,2477,Terminalversatz,2043.27770996094
1787,1864.01,552.019,2.82999,2477,Terminalversatz,2043.27770996094
1788,1836.85,530.29,2.82999,2477,Terminalversatz,2043.27770996094
1789,1866.45,571.795,2.82999,2477,Terminalversatz,2043.27770996094
1790,1893.62,550.066,2.82999,2477,Terminalversatz,2043.27770996094
1791,1903.38,552.019,2.82999,2477,Terminalversatz,2043.27770996094
1792,1910.71,534.196,2.82999,2477,Terminalversatz,2043.27770996094
1793,1896.06,563.738,2.82999,2477,Terminalversatz,2043.27770996094
1794,1868.9,548.112,2.82999,2477,Terminalversatz,2043.27770996094
1795,1868.9,571.795,2.84,2477,Terminalversatz,2043.27770996094
1796,1915.89,520.524,2.84,2477,Terminalversatz,2043.27770996094
1797,1943.06,546.159,2.84,2477,Terminalversatz,2043.27770996094
1798,1955.26,567.888,2.84,2477,Terminalversatz,2043.27770996094
1799,1955.26,524.43,2.84,2477,Terminalversatz,2043.27770996094
1800,1930.54,548.112,2.84,2477,Terminalversatz,2043.27770996094
1801,1898.5,546.159,2.84,2477,Terminalversatz,2043.27770996094
1802,1898.5,561.785,2.84,2477,Terminalversatz,2043.27770996094
1803,1923.22,536.149,2.85,2477,Terminalversatz,2043.27770996094
1804,1928.1,546.159,2.85,2477,Terminalversatz,2043.27770996094
1805,1930.54,526.383,2.85,2477,Terminalversatz,2043.27770996094
1806,1913.45,581.561,2.85,2477,Terminalversatz,2043.27770996094
1807,1876.22,552.019,2.85,2477,Terminalversatz,2043.27770996094
1808,1849.06,534.196,2.85,2477,Terminalversatz,2043.27770996094
1809,1878.66,575.701,2.85,2477,Terminalversatz,2043.27770996094
1810,1908.27,548.112,2.86,2477,Terminalversatz,2043.27770996094
1811,1918.34,548.112,2.86,2477,Terminalversatz,2043.27770996094
1812,1925.66,536.149,2.86,2477,Terminalversatz,2043.27770996094
1813,1908.27,559.832,2.86,2477,Terminalversatz,2043.27770996094
1814,1883.55,550.066,2.86,2477,Terminalversatz,2043.27770996094
1815,1883.55,569.842,2.86,2477,Terminalversatz,2043.27770996094
1816,1928.1,522.477,2.86,2477,Terminalversatz,2043.27770996094
1817,1955.26,546.159,2.87,2477,Terminalversatz,2043.27770996094
1818,1967.78,559.832,2.87,2477,Terminalversatz,2043.27770996094
1819,1967.78,524.43,2.87,2477,Terminalversatz,2043.27770996094
1820,1940.61,546.159,2.87,2477,Terminalversatz,2043.27770996094
1821,1910.71,552.019,2.87,2477,Terminalversatz,2043.27770996094
1822,1908.27,557.878,2.87,2477,Terminalversatz,2043.27770996094
1823,1932.99,538.102,2.87,2477,Terminalversatz,2043.27770996094
1824,1940.61,540.056,2.87,2477,Terminalversatz,2043.27770996094
1825,1937.87,528.336,2.88,2477,Terminalversatz,2043.27770996094
1826,1920.78,573.748,2.88,2477,Terminalversatz,2043.27770996094
1827,1883.55,546.159,2.88,2477,Terminalversatz,2043.27770996094
1828,1856.38,538.102,2.88,2477,Terminalversatz,2043.27770996094
1829,1888.73,571.795,2.88,2477,Terminalversatz,2043.27770996094
1830,1918.34,546.159,2.88,2477,Terminalversatz,2043.27770996094
1831,1928.1,538.102,2.88,2477,Terminalversatz,2043.27770996094
1832,1932.99,538.102,2.89,2477,Terminalversatz,2043.27770996094
1833,1915.89,553.972,2.89,2477,Terminalversatz,2043.27770996094
1834,1891.17,553.972,2.89,2477,Terminalversatz,2043.27770996094
1835,1893.62,565.935,2.89,2477,Terminalversatz,2043.27770996094
1836,1940.61,526.383,2.89,2477,Terminalversatz,2043.27770996094
1837,1965.03,544.206,2.89,2477,Terminalversatz,2043.27770996094
1838,1979.98,567.888,2.89,2477,Terminalversatz,2043.27770996094
1839,1977.54,530.29,2.89999,2477,Terminalversatz,2043.27770996094
1840,1947.94,548.112,2.89999,2477,Terminalversatz,2043.27770996094
1841,1920.78,542.009,2.89999,2477,Terminalversatz,2043.27770996094
1842,1920.78,561.785,2.89999,2477,Terminalversatz,2043.27770996094
1843,1940.61,530.29,2.89999,2477,Terminalversatz,2043.27770996094
1844,1947.94,546.159,2.89999,2477,Terminalversatz,2043.27770996094
1845,1950.38,520.524,2.89999,2477,Terminalversatz,2043.27770996094
1846,1930.54,577.654,2.91,2477,Terminalversatz,2043.27770996094
1847,1891.17,552.019,2.91,2477,Terminalversatz,2043.27770996094
1848,1866.45,528.336,2.91,2477,Terminalversatz,2043.27770996094
1849,1900.94,567.888,2.91,2477,Terminalversatz,2043.27770996094
1850,1925.66,548.112,2.91,2477,Terminalversatz,2043.27770996094
1851,1940.61,552.019,2.91,2477,Terminalversatz,2043.27770996094
1852,1943.06,532.243,2.91,2477,Terminalversatz,2043.27770996094
1853,1928.1,563.738,2.92,2477,Terminalversatz,2043.27770996094
1854,1900.94,548.112,2.92,2477,Terminalversatz,2043.27770996094
1855,1905.82,575.701,2.92,2477,Terminalversatz,2043.27770996094
1856,1952.82,520.524,2.92,2477,Terminalversatz,2043.27770996094
1857,1977.54,546.159,2.92,2477,Terminalversatz,2043.27770996094
1858,1989.75,565.935,2.92,2477,Terminalversatz,2043.27770996094
1859,1987.31,524.43,2.92,2477,Terminalversatz,2043.27770996094
1860,1960.15,546.159,2.93,2477,Terminalversatz,2043.27770996094
1861,1930.54,544.206,2.93,2477,Terminalversatz,2043.27770996094
1862,1932.99,561.785,2.93,2477,Terminalversatz,2043.27770996094
1863,1955.26,534.196,2.93,2477,Terminalversatz,2043.27770996094
1864,1962.59,546.159,2.93,2477,Terminalversatz,2043.27770996094
1865,1962.59,528.336,2.93,2477,Terminalversatz,2043.27770996094
1866,1943.06,577.654,2.93,2477,Terminalversatz,2043.27770996094
1867,1903.38,550.066,2.93999,2477,Terminalversatz,2043.27770996094
1868,1881.1,530.29,2.93999,2477,Terminalversatz,2043.27770996094
1869,1915.89,573.748,2.93999,2477,Terminalversatz,2043.27770996094
1870,1943.06,546.159,2.93999,2477,Terminalversatz,2043.27770996094
1871,1952.82,548.112,2.93999,2477,Terminalversatz,2043.27770996094
1872,1955.26,534.196,2.93999,2477,Terminalversatz,2043.27770996094
1873,1943.06,561.785,2.93999,2477,Terminalversatz,2043.27770996094
1874,1913.45,548.112,2.95,2477,Terminalversatz,2043.27770996094
1875,1920.78,569.842,2.95,2477,Terminalversatz,2043.27770996094
1876,1965.03,518.326,2.95,2477,Terminalversatz,2043.27770996094
1877,1989.75,546.159,2.95,2477,Terminalversatz,2043.27770996094
1878,2002.26,559.832,2.95,2477,Terminalversatz,2043.27770996094
1879,1997.38,524.43,2.95,2477,Terminalversatz,2043.27770996094
1880,1972.66,546.159,2.96,2477,Terminalversatz,2043.27770996094
1881,1940.61,548.112,2.96,2477,Terminalversatz,2043.27770996094
1882,1945.5,559.832,2.96,2477,Terminalversatz,2043.27770996094
1883,1967.78,536.149,2.96,2477,Terminalversatz,2043.27770996094
1884,1977.54,544.206,2.96,2477,Terminalversatz,2043.27770996094
1885,1972.66,530.29,2.96,2477,Terminalversatz,2043.27770996094
1886,1955.26,573.748,2.96,2477,Terminalversatz,2043.27770996094
1887,1915.89,546.159,2.96999,2477,Terminalversatz,2043.27770996094
1888,1893.62,538.102,2.96999,2477,Terminalversatz,2043.27770996094
1889,1928.1,571.795,2.96999,2477,Terminalversatz,2043.27770996094
1890,1955.26,546.159,2.96999,2477,Terminalversatz,2043.27770996094
